"S1_24061315" "S1_24061316" "S1_46030433" "S1_46030411" "S1_46030424" "S1_24061282" "S1_28425907" "S1_28425903" "S1_6473039" "S1_6473040" "S1_6473037" "S1_6473033" "S1_6473029" "S1_3104012" "S1_23437932" "S1_23437926" "S1_46030453" "S1_46030456" "S1_46030454" "S1_46030460"
"DM3.1:SRR1266111:7:124151" 194 194 275 275 275 194 275 274 152 152 151 152 151 68 166 166 151 151 151 151
"DM3.10:SRR1586329:6:123939" 237 237 274 274 273 237 318 318 192 192 192 192 192 71 165 165 185 185 185 185
"DM3.11:SRR1586330:1:124045" 232 231 279 279 278 231 240 239 136 136 135 135 135 112 139 139 167 167 167 167
"DM3.12:SRR1586330:1:124046" 184 184 234 234 235 184 281 281 126 127 127 124 126 71 158 158 148 148 148 148
"DM3.2:SRR1266111:7:124152" 193 193 262 262 260 193 292 292 130 130 130 130 129 70 144 144 184 184 184 184
"DM3.3:SRR1586327:2:123456" 145 145 193 193 192 145 166 166 79 79 79 79 79 80 102 102 124 124 124 124
"DM3.4:SRR1586327:2:123457" 173 173 168 168 167 173 163 163 86 86 86 86 85 76 96 96 91 91 91 91
"DM3.5:SRR1586327:2:123458" 135 135 169 168 167 135 134 134 76 76 76 76 76 44 76 76 93 93 93 93
"DM3.6:SRR1586328:3:123646" 133 133 141 140 139 133 137 137 78 78 78 78 78 48 61 61 95 95 95 95
"DM3.7:SRR1586328:3:123647" 142 141 128 126 127 142 136 136 86 86 86 86 86 62 74 74 87 87 87 87
"DM3.8:SRR1586328:3:123648" 97 97 152 151 151 97 100 99 66 66 66 66 65 46 58 58 98 98 98 98
"DM3.9:SRR1586329:6:123938" 286 286 317 317 316 286 284 284 170 170 170 170 170 105 139 139 199 199 199 199
"DM3X5g001:MERGE" 231 231 190 189 186 211 136 136 288 288 288 287 288 270 149 149 95 95 95 95
"DM3X5g002:MERGE" 244 244 180 180 180 244 155 155 160 160 160 158 160 100 130 130 126 126 126 126
"DM3X5g003:MERGE" 208 207 236 236 234 207 191 191 145 145 145 145 145 293 164 164 157 157 157 157
"DM3X5g004:MERGE" 229 229 223 223 223 229 195 195 233 233 233 233 232 360 163 164 149 149 149 149
"DM3X5g005:MERGE" 186 186 220 217 217 172 155 155 162 162 162 161 162 284 159 159 163 163 163 163
"DM3X5g006:MERGE" 185 185 198 198 197 185 190 190 121 121 121 120 120 284 92 92 119 119 119 119
"DM3X5g007:MERGE" 257 257 247 246 245 257 224 224 251 250 251 251 251 368 139 139 173 173 173 173
"DM3X5g008:MERGE" 249 248 181 181 181 241 236 236 210 209 210 210 210 364 182 182 122 122 122 122
"DM3X5g009:MERGE" 239 239 186 186 184 239 318 318 142 142 142 142 141 321 127 127 135 135 135 135
"DM3X5g010:MERGE" 206 206 245 245 244 201 217 217 177 177 177 177 177 312 156 156 153 153 153 152
"DM3X5g011:MERGE" 281 281 221 221 220 273 210 210 253 253 253 253 252 92 148 148 127 127 127 127
"DM3X5g012:MERGE" 212 213 200 200 199 198 167 167 156 156 156 156 154 82 187 187 126 126 126 126
"DM3X5g013:MERGE" 286 286 319 318 319 280 151 151 206 206 206 205 206 100 158 158 194 194 194 194
"DM3X5g014:MERGE" 246 246 257 256 257 246 385 385 98 98 98 98 98 337 238 238 146 146 146 146
"DM3X5g015:MERGE" 215 215 152 152 152 215 127 127 130 129 130 130 130 90 125 125 97 97 97 97
"DM3X5g016:MERGE" 270 270 257 257 257 270 245 245 245 245 245 245 245 364 276 276 155 155 155 155
"DM3X5g017:MERGE" 215 214 236 235 234 215 253 253 189 189 189 188 187 264 164 164 124 124 124 124
"DM3X5g018:MERGE" 217 216 296 296 293 217 134 134 201 201 201 201 201 376 167 167 188 188 188 188
"DM3X5g019:MERGE" 195 195 227 226 226 195 241 241 168 167 168 168 167 62 167 167 129 129 129 129
"DM3X5g020:MERGE" 239 239 321 321 317 217 214 214 283 283 283 282 283 114 196 196 167 166 167 167
"DM3X5g021:MERGE" 279 280 248 248 248 261 288 288 259 260 259 260 260 342 173 173 132 132 132 132
"DM3X5g022:MERGE" 240 240 241 241 241 240 163 163 189 189 189 189 188 288 157 157 151 151 151 151
"DM3X5g023:MERGE" 248 248 196 195 195 247 210 210 154 154 154 154 152 346 144 144 123 123 123 123
"DM3X5g024:MERGE" 207 207 219 218 216 207 294 294 172 172 172 172 172 342 139 139 157 157 157 157
"DM3X5g025:MERGE" 260 259 355 354 352 245 252 252 254 254 253 254 254 341 223 223 214 214 214 214
"DM3X5g026:MERGE" 251 250 258 257 255 226 203 203 174 174 174 173 174 124 155 155 164 164 164 164
"DM3X5g027:MERGE" 207 207 216 216 214 207 159 159 188 188 188 188 187 368 177 177 159 159 159 159
"DM3X5g028:MERGE" 292 292 261 261 261 262 230 229 247 247 247 247 246 274 190 190 185 185 185 184
"DM3X5g029:MERGE" 242 242 201 201 201 242 202 202 164 165 165 165 165 398 210 210 127 127 127 127
"DM3X5g030:MERGE" 255 255 326 324 322 250 194 194 215 215 215 215 215 340 149 149 188 188 188 188
"DM3X5g031:MERGE" 292 290 230 230 229 281 273 273 271 272 272 272 272 112 201 201 154 154 154 154
"DM3X5g032:MERGE" 231 231 191 190 190 231 192 191 70 70 70 70 70 280 138 138 134 134 134 134
"DM3X5g033:MERGE" 294 293 210 210 209 294 255 255 221 221 221 220 221 264 178 178 121 121 121 121
"DM3X5g034:MERGE" 214 214 233 232 230 194 219 219 269 269 269 269 269 306 100 100 135 135 135 135
"DM3X5g035:MERGE" 296 295 293 293 290 282 94 94 225 225 225 224 223 110 195 195 140 140 140 139
"DM3X5g036:MERGE" 397 398 306 306 305 397 271 270 302 302 302 302 301 434 179 179 213 213 213 213
"DM3X5g037:MERGE" 314 313 349 348 348 305 222 222 251 251 251 250 250 92 160 160 226 226 226 226
"DM3X5g038:MERGE" 233 233 194 194 194 233 155 155 111 111 111 111 111 278 169 169 102 102 102 102
"DM3X5g039:MERGE" 305 305 303 303 301 305 218 218 224 223 224 223 222 374 219 219 197 197 197 197
"DM3X5g040:MERGE" 329 329 200 200 199 308 275 275 171 170 171 170 171 84 169 169 148 148 148 148
"DM3X5g041:MERGE" 226 226 238 237 236 213 148 148 169 169 169 169 169 96 213 214 157 157 157 157
"DM3X5g042:MERGE" 257 257 273 272 270 201 240 240 194 194 194 194 193 333 124 124 167 167 167 167
"DM3X5g044:MERGE" 321 321 326 326 323 321 258 258 230 230 230 230 230 442 180 180 231 231 231 231
"DM3X5g046:MERGE" 191 191 231 231 231 178 267 267 182 182 182 182 181 294 195 195 163 163 163 163
"DM3X5g048:MERGE" 287 287 259 258 258 274 224 224 263 263 263 263 261 124 244 244 145 145 145 145
"DM3X5g049:MERGE" 303 303 253 253 251 303 213 213 265 265 265 265 265 92 155 156 174 174 174 174
"DM3X5g050:MERGE" 203 203 205 203 201 203 238 238 253 253 253 252 250 328 157 157 140 140 140 140
"DM3X5g051:MERGE" 281 280 248 248 248 280 294 294 227 227 227 226 227 318 152 152 134 134 134 134
"DM3X5g052:MERGE" 148 148 281 280 279 148 233 233 243 243 243 242 243 249 153 153 174 174 174 174
"DM3X5g054:MERGE" 240 240 289 288 287 130 231 231 196 196 196 195 195 346 194 194 178 178 178 178
"DM3X5g056:MERGE" 265 266 266 266 264 265 243 243 260 260 260 259 259 346 204 204 153 153 153 153
"DM3X5g057:MERGE" 250 250 289 288 287 230 258 258 247 247 247 247 247 373 214 214 201 201 201 201
"DM3X5g058:MERGE" 159 159 195 195 193 149 82 82 191 191 191 191 191 262 144 144 122 122 122 122
"DM3X5g059:MERGE" 228 225 233 230 228 43 211 211 360 360 360 360 358 126 180 180 174 174 174 174
"DM3X5g060:MERGE" 213 213 231 231 231 198 286 286 140 140 140 140 139 368 174 174 160 160 160 160
"DM3X5g061:MERGE" 212 212 288 288 287 198 166 166 288 287 288 286 288 324 174 174 165 165 165 165
"DM3X5g062:MERGE" 251 250 257 257 257 235 165 164 162 162 162 162 161 310 133 133 162 162 162 162
"DM3X5g063:MERGE" 240 240 243 243 241 240 233 233 218 218 218 217 217 342 189 189 162 162 162 162
"DM3X5g064:MERGE" 245 245 339 337 337 245 203 203 215 215 215 214 215 372 201 201 201 201 201 201
"DM3X5g065:MERGE" 365 365 346 346 344 339 291 291 288 288 287 288 288 158 150 150 201 201 201 201
"DM3X5g066:MERGE" 267 269 302 302 302 269 249 249 313 313 312 313 311 350 172 172 173 173 173 173
"DM3X5g067:MERGE" 233 232 245 244 242 233 328 328 103 103 103 103 103 140 188 188 168 168 168 168
"DM3X5g068:MERGE" 215 215 229 230 229 205 296 296 170 170 170 170 169 332 151 151 112 112 112 112
"DM3X5g069:MERGE" 229 227 331 331 329 227 267 267 178 178 178 178 178 380 211 211 234 234 234 234
"DM3X5g070:MERGE" 256 256 280 279 277 256 267 267 166 166 166 165 166 386 202 202 160 160 160 159
"DM3X5g071:MERGE" 262 261 309 309 306 91 201 201 195 195 195 194 194 74 165 165 187 187 187 187
"DM3X5g072:MERGE" 182 180 192 192 192 176 173 173 212 212 212 211 211 140 151 151 132 132 132 132
"DM3X5g073:MERGE" 267 266 280 279 276 267 254 253 191 192 192 192 190 445 238 239 187 187 186 187
"DM3X5g075:MERGE" 229 227 207 207 206 229 312 312 166 166 166 166 166 356 188 188 157 157 157 157
"DM3X5g076:MERGE" 333 333 242 241 238 333 199 199 239 239 239 238 239 100 202 202 161 161 161 161
"DM3X5g077:MERGE" 283 284 299 299 299 282 315 315 150 150 150 150 148 328 152 152 198 198 198 198
"DM3X5g078:MERGE" 284 284 245 245 241 284 343 343 250 250 250 248 248 380 150 150 175 175 175 175
"DM3X5g079:MERGE" 225 224 210 210 208 149 232 232 204 204 204 204 204 104 172 172 126 125 126 126
"DM3X5g080:MERGE" 257 257 244 243 242 231 179 179 298 298 298 297 298 138 169 169 154 154 154 154
"DM3X5g081:MERGE" 279 278 331 331 328 279 382 382 235 235 235 235 234 388 225 225 217 217 217 217
"DM3X5g082:MERGE" 313 313 262 262 259 286 357 357 320 320 320 320 319 98 219 217 169 169 169 169
"DM3X5g083:MERGE" 297 296 255 255 254 297 347 347 268 268 268 266 268 286 184 184 196 195 196 196
"DM3X5g084:MERGE" 255 255 257 256 257 197 136 136 207 207 207 207 207 122 186 186 173 173 173 173
"DM3X5g085:MERGE" 312 312 313 313 313 312 205 205 195 195 195 195 195 414 199 199 214 214 214 214
"DM3X5g086:MERGE" 314 314 328 328 327 297 246 246 210 210 210 209 209 126 200 200 206 204 206 206
"DM3X5g087:MERGE" 225 224 298 296 294 211 179 179 146 146 146 146 146 354 194 193 208 208 207 208
"DM3X5g088:MERGE" 198 198 313 310 307 198 178 177 228 228 228 228 227 434 181 180 224 224 224 224
"DM3X5g089:MERGE" 335 335 300 300 298 335 249 249 192 192 192 191 192 114 150 150 212 212 212 212
"DM3X5g090:MERGE" 307 308 308 307 305 308 345 345 261 261 261 261 261 357 189 189 203 203 203 203
"DM3X5g091:MERGE" 285 285 313 312 311 284 209 209 185 185 185 185 185 78 191 191 195 195 195 195
"DM3X5g092:MERGE" 304 304 262 262 260 288 353 354 123 123 123 123 123 132 241 241 180 180 180 180
"DM3X5g093:MERGE" 246 246 264 264 264 236 220 220 243 243 243 243 243 322 154 154 161 160 161 161
"DM3X5g094:MERGE" 230 229 288 287 286 215 155 155 202 202 202 202 202 113 195 195 171 171 171 171
"DM3X5g095:MERGE" 206 205 263 263 263 206 217 217 149 149 149 148 149 289 186 186 179 179 179 179
"DM3X5g096:MERGE" 373 372 354 354 352 373 359 359 348 348 348 347 348 152 215 215 225 226 226 225
"DM3X5g097:MERGE" 292 292 237 237 236 292 332 332 176 176 176 174 175 136 209 209 162 162 162 162
"DM3X5g098:MERGE" 215 214 323 323 316 178 237 237 225 225 225 224 225 370 188 188 215 215 215 215
"DM3X5g099:MERGE" 272 273 308 308 308 212 270 269 286 286 286 285 286 459 222 222 200 200 200 200
"DM3X5g100:MERGE" 257 257 259 259 258 257 312 312 114 114 114 114 114 460 212 212 152 152 152 152
"DM3X5g101:MERGE" 279 279 231 230 230 279 123 123 134 134 134 134 134 268 129 129 151 151 151 151
"DM3X5g102:MERGE" 251 251 285 284 283 250 218 217 264 264 264 263 264 264 136 136 171 171 171 171
"DM3X5g103:MERGE" 258 255 244 244 243 256 325 325 144 144 144 144 144 292 191 191 162 162 161 162
"DM3X5g104:MERGE" 313 312 356 356 353 313 382 382 250 250 250 250 249 214 211 211 240 240 240 240
"DM3X5g105:MERGE" 286 286 261 260 256 285 273 273 100 100 100 100 100 101 173 173 159 158 159 159
"DM3X5g106:MERGE" 245 244 232 232 231 245 268 268 245 245 245 245 241 304 128 128 156 156 156 156
"DM3X5g107:MERGE" 251 249 354 354 353 251 241 241 198 198 198 198 197 400 171 171 253 253 253 253
"DM3X5g108:MERGE" 262 261 291 288 286 244 161 161 212 212 212 212 212 120 160 160 214 214 214 214
"DM3X5g109:MERGE" 245 245 289 289 288 244 398 398 249 249 249 249 249 340 183 183 141 141 141 141
"DM3X5g110:MERGE" 256 256 246 244 244 256 285 285 239 239 239 239 239 122 221 221 193 193 193 193
"DM3X5g111:MERGE" 251 251 301 301 301 248 211 210 247 247 247 246 247 390 202 202 205 205 205 205
"DM3X5g112:MERGE" 238 238 271 269 269 219 179 179 196 196 196 196 196 76 159 159 131 131 130 131
"DM3X5g113:MERGE" 270 269 317 317 316 270 132 132 163 163 163 162 162 106 173 173 225 225 224 225
"DM3X5g114:MERGE" 259 258 346 345 343 259 277 277 271 271 271 270 270 475 195 195 193 193 193 193
"DM3X5g115:MERGE" 445 446 513 513 511 422 364 364 331 332 332 331 332 134 306 306 324 324 324 324
"DM3X5g116:MERGE" 255 255 337 335 335 255 267 267 315 315 315 315 315 422 192 192 198 198 198 198
"DM3X5g117:MERGE" 261 263 205 205 203 263 293 293 192 192 192 192 190 276 169 169 146 146 146 146
"DM3X5g118:MERGE" 297 296 300 300 296 231 176 176 261 260 261 260 261 356 168 168 174 174 174 174
"DM3X5g119:MERGE" 231 231 247 247 246 168 203 202 128 128 128 128 128 312 192 192 123 123 123 123
"DM3X5g120:MERGE" 281 281 245 245 243 281 248 248 234 234 234 234 234 370 200 200 178 178 177 178
"DM3X5g121:MERGE" 168 168 361 361 359 168 206 206 192 192 192 191 192 140 198 198 252 252 252 251
"DM3X5g122:MERGE" 289 287 259 257 257 272 186 186 199 199 199 198 198 158 190 190 190 190 190 190
"DM3X5g123:MERGE" 189 189 230 230 228 160 189 189 175 175 175 175 175 401 152 152 172 173 173 173
"DM3X5g124:MERGE" 321 320 294 294 291 308 370 370 165 165 165 165 164 126 204 204 177 177 177 177
"DM3X5g125:MERGE" 287 289 322 322 321 269 208 208 264 264 264 262 264 334 191 191 182 182 182 182
"DM3X5g126:MERGE" 230 230 251 250 249 218 220 220 224 224 224 223 224 478 187 187 191 191 191 191
"DM3X5g127:MERGE" 228 228 217 216 214 226 222 222 94 94 94 94 93 450 196 196 152 152 152 151
"DM3X5g128:MERGE" 324 324 315 314 312 324 323 323 203 203 203 203 203 431 272 272 209 209 208 209
"DM3X5g129:MERGE" 340 339 306 306 306 339 180 180 180 180 180 180 179 333 176 176 192 192 192 192
"DM3X5g130:MERGE" 361 361 295 294 290 360 261 261 178 178 178 177 178 341 241 241 192 191 192 192
"DM3X5g131:MERGE" 276 276 341 341 337 275 128 128 138 138 138 138 138 386 205 205 202 202 202 202
"DM3X5g132:MERGE" 332 329 239 239 237 332 189 189 209 208 208 209 209 116 206 206 164 164 164 164
"DM3X5g133:MERGE" 255 253 258 257 253 255 239 239 166 166 166 166 166 344 145 145 183 184 184 184
"DM3X5g134:MERGE" 281 281 321 318 315 281 384 384 126 126 126 126 126 334 228 229 194 194 194 194
"DM3X5g135:MERGE" 275 275 314 314 313 260 204 204 141 141 141 141 141 404 186 186 194 194 193 194
"DM3X5g136:MERGE" 260 261 212 211 211 245 233 233 213 213 213 213 212 118 182 183 135 135 134 135
"DM3X5g137:MERGE" 249 249 256 255 253 249 254 254 194 194 194 194 194 404 225 225 182 182 182 182
"DM3X5g138:MERGE" 264 264 302 301 298 264 169 169 186 186 186 186 185 392 159 159 201 201 201 201
"DM3X5g139:MERGE" 313 314 245 244 242 314 307 307 231 231 231 231 228 379 244 244 144 144 144 144
"DM3X5g140:MERGE" 283 284 314 314 312 230 198 198 144 144 144 144 144 120 164 164 182 182 182 182
"DM3X5g141:MERGE" 282 281 249 248 244 283 419 419 173 173 173 172 173 209 222 222 165 165 165 165
"DM3X5g142:MERGE" 359 360 298 297 295 337 365 365 244 244 244 244 243 362 209 209 170 170 170 170
"DM3X5g143:MERGE" 290 289 217 215 216 284 247 247 135 135 135 135 135 478 197 197 145 145 145 145
"DM3X5g144:MERGE" 267 267 223 223 222 267 156 156 101 101 101 100 101 298 143 143 159 159 159 159
"DM3X5g145:MERGE" 343 342 328 328 326 342 244 244 194 194 194 194 194 420 200 200 233 233 233 233
"DM3X5g146:MERGE" 379 379 271 269 269 378 352 352 222 222 222 222 222 114 205 205 190 190 190 190
"DM3X5g147:MERGE" 227 226 280 279 277 227 277 277 284 284 284 284 284 519 200 201 185 185 185 185
"DM3X5g148:MERGE" 282 282 251 251 249 268 291 291 236 236 236 235 236 396 214 214 176 176 176 176
"DM3X5g149:MERGE" 302 302 303 302 302 280 251 251 306 306 306 306 306 118 156 156 204 204 204 204
"DM3X5g150:MERGE" 256 256 314 312 311 239 248 248 295 294 295 294 295 120 185 185 238 238 238 238
"DM3X5g151:MERGE" 288 289 237 237 236 228 142 140 126 126 126 126 126 99 174 174 137 137 137 137
"DM3X5g152:MERGE" 250 250 265 264 261 219 239 238 135 135 134 135 135 375 177 177 153 153 153 153
"DM3X5g153:MERGE" 261 261 334 334 330 238 280 280 192 192 192 191 192 446 187 187 217 217 217 217
"DM3X5g154:MERGE" 312 312 269 269 269 312 365 365 230 230 230 230 230 330 199 199 161 161 161 161
"DM3X5g155:MERGE" 292 293 241 241 239 292 359 359 287 287 287 286 287 407 263 263 159 159 159 159
"DM3X5g156:MERGE" 300 300 306 306 305 299 207 207 174 174 174 173 173 400 186 186 230 231 231 231
"DM3X5g157:MERGE" 243 243 316 315 313 219 139 139 141 141 141 141 141 316 162 162 205 205 205 205
"DM3X5g158:MERGE" 268 267 270 270 268 250 261 261 205 205 205 203 205 100 177 177 173 173 173 173
"DM3X5g159:MERGE" 275 275 300 299 297 275 237 236 186 186 186 186 186 327 234 234 161 161 161 161
"DM3X5g160:MERGE" 170 170 236 235 236 166 146 146 101 101 101 101 101 54 133 133 147 147 147 147
"DM3X5g161:MERGE" 277 278 353 353 351 275 244 244 220 220 220 220 220 378 252 252 250 250 250 250
"DM3X5g162:MERGE" 296 295 312 311 310 273 262 262 360 360 360 360 360 166 217 216 198 198 198 198
"DM3X5g163:MERGE" 242 242 249 247 245 237 298 298 134 134 134 133 134 336 170 170 171 171 171 171
"DM3X5g164:MERGE" 309 309 269 268 267 309 281 281 102 102 102 102 102 330 167 167 165 165 165 164
"DM3X5g165:MERGE" 298 298 244 243 241 275 382 382 318 318 318 318 318 360 203 203 171 171 170 171
"DM3X5g166:MERGE" 239 239 322 322 321 239 328 328 265 265 265 265 265 64 184 184 216 216 215 215
"DM3X5g167:MERGE" 250 249 254 252 249 230 259 259 280 280 280 279 278 182 161 161 177 177 177 177
"DM3X5g168:MERGE" 324 323 267 267 263 324 184 184 186 186 184 186 185 100 174 173 181 181 181 181
"DM3X5g169:MERGE" 279 279 352 351 351 271 336 336 271 271 270 270 271 104 156 156 220 220 220 220
"DM3X5g170:MERGE" 218 217 287 287 285 191 175 175 186 186 186 186 186 418 161 161 205 205 205 205
"DM3X5g171:MERGE" 290 290 296 295 294 290 215 215 155 155 155 155 155 90 202 202 233 233 233 233
"DM3X5g172:MERGE" 293 292 273 272 270 293 309 309 154 154 154 151 154 416 192 192 189 189 188 189
"DM3X5g173:MERGE" 321 319 334 334 333 286 328 327 366 366 366 366 364 497 202 202 211 211 211 211
"DM3X5g174:MERGE" 244 244 240 240 237 238 253 253 230 230 229 230 229 366 204 204 173 173 172 173
"DM3X5g175:MERGE" 212 212 308 308 307 104 279 279 191 191 191 191 189 96 183 183 173 173 173 173
"DM3X5g176:MERGE" 198 198 254 253 253 180 154 154 197 197 195 197 196 389 140 140 178 178 177 178
"DM3X5g177:MERGE" 351 349 371 371 370 352 229 229 127 127 127 127 126 304 223 222 234 234 234 234
"DM3X5g178:MERGE" 331 330 218 218 217 331 352 352 154 154 154 153 154 90 198 198 149 149 149 149
"DM3X5g179:MERGE" 225 225 289 287 286 175 177 177 225 225 225 225 225 332 216 216 165 165 165 165
"DM3X5g180:MERGE" 284 284 362 362 360 271 293 293 153 153 153 153 151 384 185 185 226 226 226 226
"DM3X5g181:MERGE" 311 311 315 315 308 300 239 239 272 272 272 271 272 106 160 160 234 234 234 234
"DM3X5g182:MERGE" 284 284 213 211 208 284 239 238 269 269 269 269 269 104 165 165 147 147 147 147
"DM3X5g183:MERGE" 215 215 186 185 183 215 181 181 123 123 123 123 123 345 184 184 118 118 118 118
"DM3X5g184:MERGE" 291 290 337 337 333 291 339 339 147 147 147 147 146 406 199 199 247 248 248 248
"DM3X5g185:MERGE" 251 251 264 264 261 194 265 265 131 131 131 131 131 158 213 213 207 207 207 206
"DM3X5g186:MERGE" 263 264 336 335 332 264 377 377 206 206 206 206 205 389 256 256 235 235 235 235
"DM3X5g187:MERGE" 327 326 391 390 389 328 129 129 270 270 270 268 270 399 255 255 279 279 278 279
"DM3X5g188:MERGE" 280 280 360 359 354 280 195 195 187 187 187 187 186 126 197 197 282 282 282 282
"DM3X5g189:MERGE" 310 310 355 355 352 293 200 200 232 232 232 232 231 146 225 225 261 261 261 261
"DM3X5g190:MERGE" 319 319 326 326 325 307 193 193 205 205 205 205 203 94 204 204 238 238 237 238
"DM3X5g191:MERGE" 213 214 276 276 276 201 240 240 210 210 210 209 210 385 183 183 169 169 169 169
"DM3X5g192:MERGE" 315 315 324 323 321 261 292 292 312 312 312 312 312 116 242 242 212 212 212 212
"DM3X5g193:SRR1586329:6:123932" 509 506 325 325 325 509 475 475 380 379 380 380 379 76 315 315 225 225 225 225
"DM3X5g194:SRR1586329:6:123933" 260 260 246 245 243 244 367 367 250 250 250 250 249 250 183 183 162 162 162 162
"DM3X5g195:SRR1586329:6:123934" 307 307 329 329 327 277 304 304 244 244 244 244 244 92 270 270 249 249 249 249
"DM3X5g196:SRR1586329:6:123935" 508 508 416 416 416 478 424 424 264 264 263 264 263 80 294 293 258 258 258 258
"DM3X5g197:SRR1586329:6:123936" 345 344 341 341 339 325 423 423 148 148 148 148 148 70 244 244 241 241 241 241
"DM3X5g198:SRR1586329:6:123836" 292 291 295 294 294 291 259 259 266 266 266 266 266 188 211 211 183 183 183 183
"DM3X5g199:SRR1586329:6:123837" 170 171 200 200 198 171 186 186 171 171 171 171 171 40 142 142 136 136 136 136
"DM3X5g200:SRR1586329:6:123838" 255 255 264 264 260 255 252 252 238 238 238 238 238 150 211 211 139 139 139 139
"DM3X5g201:SRR1586329:6:123839" 215 215 214 214 214 215 344 344 123 123 123 123 123 72 206 206 130 130 130 129
"DM3X5g202:SRR1586329:6:123840" 726 726 576 574 572 694 466 466 729 729 729 728 729 170 492 492 334 334 334 334
"DM3X5g203:SRR1586329:6:123841" 212 212 212 212 212 193 247 247 172 172 172 172 171 80 121 120 144 144 144 144
"DM3X5g204:SRR1586329:6:123842" 782 780 747 747 745 781 1006 1006 843 843 843 842 842 719 525 525 499 499 499 499
"DM3X5g205:SRR1586329:6:123843" 223 222 236 236 234 212 221 221 164 164 164 164 164 50 150 150 117 117 117 117
"DM3X5g206:SRR1586329:6:123844" 127 126 184 184 184 127 134 134 152 152 150 152 151 96 162 162 115 115 115 115
"DM3X5g207:SRR1586329:6:123845" 212 213 207 207 204 198 205 205 179 179 179 178 179 146 149 149 147 147 147 147
"DM3X5g208:SRR1586329:6:123846" 137 137 203 203 199 137 185 185 90 90 90 90 89 38 101 102 129 129 129 129
"DM3X5g209:SRR1586329:6:123847" 233 233 239 240 238 233 256 256 161 161 161 161 161 174 138 138 187 187 187 187
"DM3X5g210:SRR1586329:6:123848" 469 470 342 342 342 451 295 295 354 354 354 354 354 86 287 287 208 208 208 208
"DM3X5g211:SRR1586329:6:123849" 266 265 231 230 229 266 282 282 176 176 176 176 176 28 158 158 147 147 147 147
"DM3X5g212:SRR1586329:6:123850" 415 413 356 355 353 415 488 488 207 207 207 207 206 236 234 234 221 221 221 221
"DM3X5g213:SRR1586329:6:123851" 308 308 305 305 302 282 407 407 191 191 191 191 191 184 221 221 184 184 184 184
"DM3X5g214:SRR1586329:6:123852" 379 379 432 432 429 358 229 229 331 331 331 331 331 82 292 292 267 267 267 267
"DM3X5g215:SRR1586329:6:123853" 390 390 285 285 284 360 385 385 406 406 406 404 406 86 237 237 187 187 187 187
"DM3X5g216:SRR1586329:6:123854" 662 660 549 549 545 662 586 587 361 361 361 360 360 514 436 436 382 382 382 382
"DM3X5g217:SRR1586329:6:123855" 359 359 225 225 225 359 255 255 305 305 305 305 305 80 197 197 140 140 140 140
"DM3X5g218:SRR1586329:6:123856" 315 313 282 281 279 315 359 359 161 161 161 161 161 190 217 217 166 166 166 166
"DM3X5g219:SRR1586329:6:123857" 208 209 223 223 223 195 157 157 191 191 191 191 191 164 174 174 151 151 151 151
"DM3X5g220:SRR1586329:6:123858" 256 256 233 233 231 233 229 229 200 200 200 200 199 170 169 169 174 174 174 174
"DM3X5g221:SRR1586329:6:123859" 276 276 207 207 207 276 194 194 130 130 130 130 129 136 175 175 123 123 123 122
"DM3X5g222:SRR1586329:6:123860" 241 242 214 214 213 242 297 297 141 141 141 141 141 141 168 168 155 155 155 155
"DM3X5g223:SRR1586329:6:123861" 338 338 316 316 315 338 323 323 253 253 253 253 253 108 250 250 197 197 197 197
"DM3X5g224:SRR1586329:6:123862" 262 260 324 324 322 244 317 317 233 231 233 233 233 242 221 221 201 201 201 201
"DM3X5g225:SRR1586329:6:123863" 543 542 373 373 371 543 406 405 265 265 265 265 265 351 231 231 233 233 233 233
"DM3X5g226:SRR1586329:6:123864" 434 434 411 410 409 418 550 550 259 259 259 259 259 88 278 278 244 244 244 244
"DM3X5g227:SRR1586329:6:123865" 383 384 359 359 356 353 445 445 245 245 245 245 245 242 255 255 204 204 204 204
"DM3X5g228:SRR1586329:6:123866" 428 428 349 349 346 428 301 301 250 250 250 250 249 288 235 236 209 209 209 209
"DM3X5g229:SRR1586329:6:123867" 311 311 310 309 305 296 215 215 287 287 287 287 287 60 215 215 190 190 190 190
"DM3X5g230:SRR1586329:6:123868" 327 327 276 275 272 300 151 151 147 147 147 147 147 174 227 227 152 152 152 152
"DM3X5g231:SRR1586329:6:123869" 258 258 192 192 192 236 226 226 202 202 202 202 201 62 162 162 137 137 137 137
"DM3X5g232:SRR1586329:6:123870" 166 167 147 147 145 148 197 197 94 94 94 94 94 34 96 96 108 108 108 108
"DM3X5g233:SRR1586329:6:123871" 217 217 190 190 190 208 155 155 133 133 133 133 133 124 150 150 124 124 124 124
"DM3X5g234:SRR1586329:6:123872" 265 264 231 231 229 265 226 226 181 181 181 180 181 168 163 163 155 155 155 155
"DM3X5g235:SRR1586329:6:123873" 413 412 335 335 333 386 387 387 297 297 297 297 297 88 225 225 219 219 219 219
"DM3X5g236:SRR1586329:6:123874" 271 271 215 214 214 260 251 251 226 226 226 226 226 70 190 190 137 137 137 137
"DM3X5g237:SRR1586329:6:123875" 328 327 331 331 330 310 350 350 258 258 257 258 258 170 204 203 183 183 183 183
"DM3X5g238:SRR1586329:6:123876" 364 362 320 318 317 337 181 181 284 284 283 284 284 218 210 210 186 186 186 186
"DM3X5g239:SRR1586329:6:123877" 197 197 276 274 272 197 257 257 185 185 185 185 185 178 222 222 202 202 202 202
"DM3X5g240:SRR1586329:6:123878" 357 357 307 306 302 325 247 247 230 230 230 230 230 218 209 209 179 179 179 179
"DM3X5g241:SRR1586329:6:123879" 201 201 203 202 202 191 288 288 122 122 122 122 122 182 138 138 141 141 141 141
"DM3X5g242:SRR1586329:6:123880" 225 225 214 214 213 225 224 224 104 104 104 104 104 42 137 137 142 142 142 142
"DM3X5g243:SRR1586329:6:123881" 295 295 183 183 181 295 187 187 164 164 164 164 163 40 178 178 109 109 109 109
"DM3X5g244:SRR1586329:6:123882" 226 226 235 235 235 226 142 142 113 113 113 113 113 156 145 145 171 171 171 171
"DM3X5g245:SRR1586329:6:123883" 251 251 274 274 271 242 206 206 272 271 271 272 272 34 195 195 195 195 195 195
"DM3X5g246:SRR1586329:6:123884" 219 219 204 204 203 201 123 123 196 196 196 196 195 42 146 146 116 116 116 116
"DM3X5g247:SRR1586329:6:123885" 308 308 236 235 234 308 151 151 277 277 277 277 277 58 226 225 134 134 134 134
"DM3X5g248:SRR1586329:6:123886" 261 261 218 218 218 261 221 221 248 248 248 248 247 76 214 214 143 143 143 143
"DM3X5g249:SRR1586329:6:123887" 202 202 160 160 159 202 223 223 81 81 81 81 81 144 150 150 111 111 111 110
"DM3X5g250:SRR1586329:6:123888" 184 184 162 162 160 176 173 173 115 115 115 114 115 54 128 128 117 117 117 117
"DM3X5g251:SRR1586329:6:123889" 206 206 162 162 162 206 168 168 125 125 125 125 125 120 121 121 95 95 95 95
"DM3X5g252:SRR1586329:6:123890" 684 683 586 586 585 684 744 744 417 417 417 417 415 524 440 440 424 424 424 424
"DM3X5g253:SRR1586329:6:123891" 238 238 194 194 193 238 224 224 167 167 167 166 166 142 122 122 129 129 129 129
"DM3X5g254:SRR1586329:6:123892" 340 339 225 225 224 340 341 341 148 148 148 148 148 162 210 210 140 140 140 140
"DM3X5g255:SRR1586329:6:123893" 269 269 252 252 252 250 264 263 160 160 160 160 160 182 147 147 149 149 149 149
"DM3X5g256:SRR1586329:6:123894" 221 221 188 188 188 221 202 202 170 170 170 169 170 114 113 113 111 111 111 111
"DM3X5g257:SRR1586329:6:123895" 252 250 200 200 200 245 97 97 112 112 112 112 112 34 116 116 98 98 98 98
"DM3X5g258:SRR1586329:6:123896" 295 294 272 272 269 278 210 210 175 175 175 175 175 52 186 186 165 165 165 165
"DM3X5g259:SRR1586329:6:123897" 317 316 223 223 221 317 314 314 259 259 259 259 259 256 190 190 168 168 168 168
"DM3X5g260:SRR1586329:6:123898" 272 272 230 230 229 258 170 170 273 273 273 272 273 118 144 144 143 143 143 143
"DM3X5g261:SRR1586329:6:123899" 465 463 406 406 406 464 505 505 449 449 449 449 448 300 305 304 212 212 212 212
"DM3X5g262:SRR1586329:6:123900" 398 399 334 334 334 376 300 299 186 186 186 186 186 256 221 221 195 195 195 195
"DM3X5g263:SRR1586329:6:123901" 250 249 229 228 228 226 163 162 167 167 167 166 167 170 143 143 143 143 143 142
"DM3X5g264:SRR1586329:6:123902" 622 624 464 464 463 599 374 374 472 472 472 469 472 114 360 360 280 280 280 279
"DM3X5g265:SRR1586329:6:123903" 332 333 284 283 282 319 292 292 242 242 242 242 241 184 220 220 143 143 143 143
"DM3X5g266:SRR1586329:6:123904" 215 215 170 169 169 195 141 141 168 168 168 168 168 142 137 137 111 111 111 111
"DM3X5g267:SRR1586329:6:123905" 221 221 204 204 203 211 229 228 141 141 141 141 141 68 115 115 131 131 131 131
"DM3X5g268:SRR1586329:6:123906" 236 236 202 202 202 225 228 228 158 158 158 158 158 28 136 136 122 122 122 122
"DM3X5g269:SRR1586329:6:123907" 176 176 175 175 175 176 151 151 150 150 150 150 150 18 93 93 120 120 120 120
"DM3X5g270:SRR1586329:6:123908" 211 209 187 187 185 198 196 195 179 179 179 179 179 116 90 90 138 138 138 138
"DM3X5g271:SRR1586329:6:123909" 257 257 245 244 242 238 205 205 213 213 213 213 213 46 151 151 153 153 153 153
"DM3X5g272:SRR1586329:6:123910" 309 309 281 280 279 308 309 309 246 246 245 246 245 130 202 202 181 181 181 181
"DM3X5g273:SRR1586329:6:123911" 379 379 223 223 219 379 308 308 131 131 131 131 131 210 221 221 143 143 143 143
"DM3X5g274:SRR1586329:6:123912" 278 278 266 266 265 278 187 187 164 164 164 163 163 186 193 193 175 175 175 175
"DM3X5g275:SRR1586329:6:123913" 292 292 220 220 218 262 250 250 155 155 155 155 155 184 154 154 139 139 139 139
"DM3X5g276:SRR1586329:6:123914" 206 205 221 221 220 206 233 232 134 134 134 134 134 118 177 177 118 118 118 118
"DM3X5g277:SRR1586329:6:123915" 247 248 250 250 247 247 253 253 162 162 162 161 162 136 196 195 149 149 149 149
"DM3X5g278:SRR1586329:6:123916" 223 223 197 197 197 217 227 227 138 138 138 138 138 154 157 157 117 117 117 117
"DM3X5g279:SRR1586329:6:123917" 214 214 191 191 190 197 178 178 80 80 80 80 80 108 135 135 111 111 111 111
"DM3X5g280:SRR1586329:6:123918" 277 277 263 263 257 268 291 291 152 152 152 151 152 142 149 149 182 182 182 182
"DM3X5g281:SRR1586329:6:123919" 231 232 209 209 207 223 214 211 166 165 166 166 166 116 150 150 126 126 126 126
"DM3X5g282:SRR1586329:6:123920" 226 226 184 184 182 215 201 201 163 163 163 162 163 122 168 168 107 107 107 107
"DM3X5g283:SRR1586329:6:123921" 223 223 180 180 179 210 195 195 129 129 129 129 129 176 143 143 112 112 112 112
"DM3X5g284:SRR1586329:6:123922" 210 209 185 185 185 203 170 170 119 119 119 119 119 108 90 90 98 98 98 98
"DM3X5g285:SRR1586329:6:123923" 153 154 147 147 147 154 181 181 102 102 102 102 102 120 91 91 104 104 104 104
"DM3X5g286:SRR1586329:6:123924" 241 240 178 178 177 241 224 224 176 176 176 176 176 143 149 149 116 116 116 116
"DM3X5g287:SRR1586329:6:123937" 237 236 184 184 183 237 76 76 187 187 187 187 186 122 115 115 115 115 115 115
"DM3X5g288:SRR1586329:6:123925" 131 131 164 164 163 120 109 109 96 96 96 96 96 40 106 106 121 121 121 121
"DM3X5g289:SRR1586329:6:123926" 165 165 133 133 133 165 167 167 97 97 97 97 97 36 88 88 95 95 95 95
"DM3X5g290:SRR1586329:6:123927" 153 153 160 160 160 141 127 127 109 109 109 109 108 130 114 114 98 98 98 98
"DM3X5g291:SRR1586329:6:123928" 169 169 149 149 149 156 177 177 144 144 144 144 144 97 122 122 81 81 81 81
"DM3X5g292:SRR1586329:6:123929" 121 122 138 138 138 113 160 160 150 150 150 150 149 34 130 130 90 90 90 90
"DM3X5g293:SRR1586329:6:123930" 265 265 190 190 188 265 229 229 137 137 137 137 136 155 182 182 123 123 123 123
"DM3X5g294:MERGE" 384 385 381 382 379 384 348 348 187 187 187 187 187 306 312 312 275 275 275 275
"DM3X5g295:MERGE" 236 237 281 280 280 223 227 227 246 246 246 245 245 186 163 163 192 192 192 192
"DM3X5g296:MERGE" 486 484 355 354 353 461 508 508 328 328 328 325 326 114 403 403 217 217 217 216
"DM3X5g297:MERGE" 319 319 273 273 271 296 144 143 360 360 360 360 360 260 231 231 125 125 125 125
"DM3X5g298:MERGE" 316 316 251 251 251 315 345 345 267 267 266 267 266 54 194 194 159 159 159 159
"DM3X5g299:MERGE" 243 243 220 220 218 243 264 264 204 204 204 204 203 155 194 194 144 144 144 144
"DM3X5g300:MERGE" 311 312 337 337 336 298 291 291 276 276 275 275 274 94 191 191 223 223 223 223
"DM3X5g301:MERGE" 251 253 286 286 285 237 336 336 340 340 340 339 338 175 207 207 179 179 179 179
"DM3X5g302:MERGE" 287 288 287 286 284 268 224 224 221 221 221 221 221 114 231 231 175 175 175 175
"DM3X5g303:MERGE" 394 393 304 303 303 393 292 292 233 232 233 233 232 86 259 259 223 223 223 223
"DM3X5g304:MERGE" 297 297 455 454 450 274 418 418 252 252 252 252 251 283 249 249 296 296 296 296
"DM3X5g305:MERGE" 279 279 266 266 262 280 398 398 250 250 249 250 248 246 229 229 166 166 166 166
"DM3X5g306:MERGE" 290 290 342 342 341 271 243 243 326 326 326 326 324 237 179 179 207 207 207 207
"DM3X5g307:MERGE" 356 355 337 336 337 337 262 262 352 351 351 352 351 240 229 229 232 232 232 232
"DM3X5g308:MERGE" 405 403 426 426 420 378 377 377 306 306 306 306 305 124 262 262 231 231 231 230
"DM3X5g309:MERGE" 323 323 328 328 328 323 367 367 262 262 262 261 262 270 192 192 176 176 176 176
"DM3X5g310:MERGE" 366 367 347 347 346 367 478 478 256 256 256 256 253 342 298 298 255 255 255 254
"DM3X5g311:MERGE" 435 436 417 417 416 418 308 309 406 406 406 405 405 100 312 312 246 246 246 246
"DM3X5g312:MERGE" 238 238 237 237 237 223 192 192 191 191 191 191 190 236 158 158 158 158 158 158
"DM3X5g313:MERGE" 266 266 253 253 253 264 331 331 164 164 164 164 163 102 198 198 169 169 169 169
"DM3X5g314:MERGE" 327 327 331 331 331 301 325 325 311 311 311 310 309 194 182 182 201 201 201 201
"DM3X5g315:MERGE" 302 302 312 312 312 302 258 258 227 227 226 227 227 352 264 264 210 210 210 210
"DM3X5g316:MERGE" 324 324 309 309 308 324 295 296 176 176 176 175 176 236 191 191 184 184 184 184
"DM3X5g317:MERGE" 350 350 443 443 442 325 240 240 301 300 299 298 301 210 238 238 287 287 287 287
"DM3X5g318:MERGE" 248 247 308 305 306 248 290 290 163 163 163 162 161 240 198 198 196 196 196 196
"DM3X5g319:MERGE" 361 360 465 465 464 361 273 273 354 354 354 351 350 305 191 191 294 294 294 294
"DM3X5g320:MERGE" 305 305 483 482 481 278 378 378 398 398 397 398 398 104 262 262 285 285 285 284
"DM3X5g321:MERGE" 375 374 448 448 447 351 346 346 384 384 384 382 384 270 237 236 294 294 294 294
"DM3X5g322:MERGE" 313 312 358 359 359 313 426 426 306 306 306 304 302 108 258 257 204 204 204 204
"DM3X5g323:MERGE" 407 408 415 415 412 381 259 259 316 316 316 313 314 90 232 232 211 211 211 211
"DM3X5g324:MERGE" 349 350 348 348 348 330 331 331 259 258 258 257 258 80 220 220 223 223 223 223
"DM3X5g325:MERGE" 178 178 276 276 274 178 163 163 273 271 273 272 272 52 128 128 174 174 174 174
"DM3X5g326:MERGE" 291 291 358 358 358 276 287 287 174 174 174 173 174 208 206 206 235 235 235 235
"DM3X5g327:MERGE" 281 280 316 315 312 263 266 266 262 262 262 262 262 270 238 237 224 224 224 224
"DM3X5g328:MERGE" 225 225 264 264 263 225 278 279 152 152 152 152 151 86 162 162 177 177 177 177
"DM3X5g329:MERGE" 290 290 315 315 315 277 241 241 303 303 301 303 303 263 205 205 198 198 198 198
"DM3X5g330:MERGE" 318 318 325 325 325 301 330 330 319 319 316 319 317 194 241 241 216 216 216 216
"DM3X5g331:MERGE" 288 286 299 297 297 270 279 279 270 270 270 266 270 150 224 223 193 193 193 193
"DM3X5g332:MERGE" 271 271 264 264 263 270 241 241 310 310 310 309 308 308 198 197 178 178 178 178
"DM3X5g333:MERGE" 225 225 305 306 305 221 323 323 232 232 232 232 232 216 192 192 179 179 179 179
"DM3X5g334:MERGE" 354 352 347 346 345 261 336 335 319 319 318 319 319 124 308 309 217 217 217 217
"DM3X5g335:MERGE" 492 493 509 509 507 493 549 550 588 588 588 585 585 442 385 385 334 334 334 334
"DM3X5g336:MERGE" 415 414 274 274 271 415 268 268 236 236 236 235 236 86 220 221 169 169 169 169
"DM3X5g337:MERGE" 234 234 220 217 218 234 194 193 209 209 209 209 208 262 215 215 136 136 136 136
"DM3X5g338:MERGE" 326 323 255 255 255 325 258 258 347 347 347 344 347 102 215 215 178 178 178 178
"DM3X5g339:MERGE" 506 505 482 481 477 506 257 256 346 346 346 346 346 326 287 287 312 312 312 311
"DM3X5g340:MERGE" 452 452 421 421 419 433 419 420 291 291 291 289 290 150 294 294 277 277 277 277
"DM3X5g341:MERGE" 357 357 390 389 387 357 303 302 275 274 274 274 275 94 246 246 242 242 242 242
"DM3X5g342:MERGE" 374 373 308 306 306 373 246 246 253 253 253 253 252 94 234 234 212 212 212 212
"DM3X5g343:MERGE" 285 283 301 301 301 261 286 286 231 231 231 231 230 212 193 193 209 209 209 209
"DM3X5g344:MERGE" 382 381 430 429 427 358 519 518 280 281 281 281 280 330 282 282 278 278 278 278
"DM3X5g345:MERGE" 180 179 268 267 268 160 142 142 180 180 180 180 180 176 165 165 200 200 200 200
"DM3X5g346:MERGE" 235 234 300 299 298 145 278 279 129 129 129 129 129 95 197 197 193 193 193 193
"DM3X5g347:MERGE" 466 465 391 389 388 466 279 279 375 375 375 375 374 294 320 319 267 267 267 267
"DM3X5g348:MERGE" 154 153 159 158 159 153 177 177 147 147 147 147 147 144 169 169 114 114 114 114
"DM3X5g349:MERGE" 291 291 339 339 339 281 330 329 309 309 309 309 309 104 265 265 213 213 213 213
"DM3X5g350:MERGE" 263 262 304 304 303 263 297 297 182 182 182 181 182 86 182 182 190 190 190 190
"DM3X5g351:MERGE" 374 374 346 345 342 373 346 346 297 297 297 297 295 242 230 230 214 214 214 214
"DM3X5g352:MERGE" 260 259 352 352 349 260 307 307 278 278 278 278 277 300 228 228 222 222 222 222
"DM3X5g353:MERGE" 275 273 300 300 298 275 271 271 223 223 223 222 223 196 242 242 198 198 198 198
"DM3X5g354:MERGE" 341 341 377 378 377 323 359 359 284 284 284 284 283 242 232 232 230 230 230 230
"DM3X5g355:MERGE" 306 304 323 323 320 305 297 297 250 250 250 250 250 322 171 171 228 228 228 228
"DM3X5g356:MERGE" 387 387 391 392 389 367 363 363 376 376 376 374 376 308 245 245 212 212 212 212
"DM3X5g357:MERGE" 236 236 337 337 337 178 333 334 211 210 211 210 211 178 179 179 202 202 202 202
"DM3X5g358:MERGE" 271 270 410 409 409 270 362 362 253 253 253 253 253 247 263 263 251 251 251 251
"DM3X5g359:MERGE" 305 304 289 288 289 305 207 208 219 219 219 217 219 74 168 168 202 202 202 202
"DM3X5g360:MERGE" 272 273 242 242 239 257 237 237 275 275 275 274 275 186 220 219 140 140 140 140
"DM3X5g361:MERGE" 343 344 328 327 328 344 184 184 286 286 286 285 284 246 132 132 168 168 168 167
"DM3X5g362:MERGE" 343 342 335 335 332 342 424 424 274 274 274 274 273 322 252 251 200 200 200 200
"DM3X5g363:MERGE" 264 264 352 352 352 249 155 155 205 205 205 205 205 266 184 184 217 217 217 217
"DM3X5g364:MERGE" 422 421 385 385 385 422 262 262 242 242 242 241 241 370 262 262 241 241 241 241
"DM3X5g365:MERGE" 280 279 342 341 341 280 295 297 245 245 245 245 245 260 256 256 215 215 215 215
"DM3X5g366:MERGE" 333 331 318 318 316 313 303 303 178 178 178 178 178 328 212 212 208 208 208 208
"DM3X5g367:MERGE" 258 257 301 301 298 258 284 284 237 237 237 237 237 196 141 141 186 186 186 186
"DM3X5g368:MERGE" 378 378 313 313 310 378 287 287 338 338 338 338 338 268 269 269 202 202 202 202
"DM3X5g369:MERGE" 366 366 361 361 360 366 342 341 312 312 312 312 312 265 236 236 227 227 227 227
"DM3X5g371:MERGE" 248 248 288 288 287 248 245 245 186 187 187 186 187 74 250 250 187 187 187 187
"DM3X5g372:MERGE" 378 378 290 290 287 377 222 222 404 404 403 403 404 275 206 206 168 168 168 168
"DM3X5g373:MERGE" 171 171 265 265 265 158 136 136 191 191 191 190 191 38 195 195 137 137 137 137
"DM3X5g374:MERGE" 248 248 268 268 268 248 364 364 130 130 130 129 130 194 210 210 132 132 132 132
"DM3X5g375:MERGE" 405 405 315 315 314 405 524 524 292 292 292 292 291 386 245 245 211 211 211 211
"DM3X5g376:MERGE" 370 370 415 415 413 351 356 356 208 208 208 208 208 350 254 253 282 282 282 282
"DM3X5g377:MERGE" 352 350 340 340 339 329 301 301 291 291 291 290 291 318 211 211 238 238 238 238
"DM3X5g378:MERGE" 386 386 395 395 393 360 359 360 380 380 380 379 380 304 223 222 243 243 243 243
"DM3X5g379:MERGE" 421 420 432 430 428 401 512 512 324 324 324 323 323 126 292 292 273 273 273 273
"DM3X5g381:MERGE" 489 486 442 442 438 445 321 320 341 339 338 341 341 128 313 314 288 288 288 288
"DM3X5g382:MERGE" 474 474 410 410 408 443 516 516 356 356 355 354 356 116 365 364 248 248 248 248
"DM3X5g383:MERGE" 304 304 257 257 256 285 435 435 278 279 279 279 279 170 181 181 150 150 150 150
"DM3X5g384:MERGE" 353 353 344 344 343 322 428 428 343 343 343 343 343 364 256 256 184 184 184 184
"DM3X5g385:MERGE" 565 564 499 499 499 565 459 458 367 368 367 366 367 362 338 338 287 287 287 287
"DM3X5g386:MERGE" 271 271 330 330 329 259 327 327 282 282 282 281 282 60 182 182 216 216 216 216
"DM3X5g387:MERGE" 313 313 216 216 216 313 217 217 192 191 192 191 192 96 160 161 136 136 136 136
"DM3X5g388:MERGE" 524 526 406 405 403 526 454 454 308 308 307 308 305 334 377 378 252 252 252 251
"DM3X5g389:MERGE" 470 470 467 465 462 470 510 509 358 357 358 358 358 411 335 335 283 283 283 283
"DM3X5g390:MERGE" 261 261 240 238 239 261 279 277 259 258 259 259 259 98 150 150 160 160 160 160
"DM3X5g391:MERGE" 388 389 507 508 505 389 577 577 296 294 296 294 295 180 327 327 370 370 370 370
"DM3X5g392:MERGE" 474 474 459 459 455 474 534 533 275 274 275 275 274 129 345 345 325 325 325 325
"DM3X5g393:MERGE" 297 297 373 373 369 296 386 386 318 318 318 318 317 110 268 268 235 235 235 235
"DM3X5g394:MERGE" 532 530 442 439 441 530 314 313 361 360 360 360 361 371 333 333 285 285 285 285
"DM3X5g395:MERGE" 439 440 363 363 360 428 337 337 310 309 309 310 308 358 231 231 260 260 260 259
"DM3X5g396:MERGE" 433 433 319 318 318 433 251 251 293 293 291 292 293 264 280 280 231 231 231 231
"DM3X5g43:SRR1586329:6:123931" 382 381 352 352 350 364 285 285 206 206 206 206 206 100 253 253 220 220 220 220
"DM5.1:SRR1266111:7:124153" 223 223 190 190 188 215 167 167 192 192 192 190 192 200 155 155 110 110 110 110
"DM5.10:SRR1586330:1:124047" 212 212 197 197 196 201 161 160 200 200 201 201 201 212 146 146 127 127 127 127
"DM5.11:SRR1586330:1:124048" 274 272 213 213 212 260 164 164 208 207 207 207 205 170 116 115 130 130 130 130
"DM5.2:SRR1266111:7:124154" 278 278 194 194 194 263 165 165 211 211 211 210 211 214 153 153 110 110 110 110
"DM5.3:SRR1586327:2:123459" 165 165 133 132 132 140 94 94 137 137 137 136 136 188 138 138 82 82 82 82
"DM5.4:SRR1586327:2:123460" 172 172 141 141 141 162 86 86 120 121 121 121 121 136 116 116 94 94 94 94
"DM5.5:SRR1586328:3:123649" 141 141 101 101 100 130 74 74 132 132 132 132 132 138 113 113 74 74 74 74
"DM5.6:SRR1586328:3:123650" 91 91 100 100 100 88 51 51 80 80 80 80 80 106 69 69 64 64 64 64
"DM5.7:SRR1586329:6:123940" 244 244 209 209 209 229 145 145 247 247 247 247 246 206 170 170 160 160 160 160
"DM5.8:SRR1586329:6:123941" 263 263 209 209 209 252 201 201 272 272 272 272 272 246 195 195 105 105 105 105
"DM5.9:SRR1586329:6:123942" 210 210 176 176 174 201 130 130 210 210 210 210 210 218 157 158 126 126 126 126
