"S1_24061315" "S1_24061316" "S1_46030433" "S1_46030411" "S1_46030424" "S1_24061282" "S1_28425907" "S1_28425903" "S1_6473039" "S1_6473040" "S1_6473037" "S1_6473033" "S1_6473029" "S1_3104012" "S1_23437932" "S1_23437926" "S1_46030453" "S1_46030456" "S1_46030454" "S1_46030460"
"DM3.1:SRR1266111:7:124151" 155 142 232 152 275 143 168 162 152 152 151 152 151 68 112 112 151 138 138 87
"DM3.10:SRR1586329:6:123939" 187 176 211 172 273 177 203 163 192 192 192 192 192 71 105 105 185 159 160 113
"DM3.11:SRR1586330:1:124045" 185 162 221 163 278 163 150 122 136 136 135 135 135 112 92 92 167 167 152 99
"DM3.12:SRR1586330:1:124046" 146 134 192 148 235 136 175 150 126 127 127 124 126 71 97 97 148 148 148 84
"DM3.2:SRR1266111:7:124152" 148 125 202 143 260 126 167 162 130 130 130 130 129 70 97 97 184 184 167 100
"DM3.3:SRR1586327:2:123456" 105 88 152 122 192 88 93 95 79 79 79 79 79 80 58 58 124 107 124 82
"DM3.4:SRR1586327:2:123457" 132 120 137 97 167 120 93 90 86 86 86 86 85 76 60 60 91 91 80 58
"DM3.5:SRR1586327:2:123458" 113 105 152 98 167 106 88 67 76 76 76 76 76 44 41 41 93 93 83 54
"DM3.6:SRR1586328:3:123646" 116 108 114 76 139 106 81 74 78 78 78 78 78 48 32 32 95 87 95 51
"DM3.7:SRR1586328:3:123647" 112 96 98 81 127 96 84 78 86 86 86 86 86 62 43 43 87 87 87 58
"DM3.8:SRR1586328:3:123648" 77 71 133 88 151 71 65 54 66 66 66 66 65 46 29 29 98 98 85 56
"DM3.9:SRR1586329:6:123938" 227 200 248 206 316 202 188 151 170 170 170 170 170 105 90 90 199 180 178 128
"DM3X5g001:MERGE" 172 165 137 108 186 164 98 85 288 241 288 287 288 270 89 112 95 81 84 56
"DM3X5g002:MERGE" 132 132 162 100 180 131 125 89 160 160 160 158 160 100 69 88 126 126 104 72
"DM3X5g003:MERGE" 163 145 202 135 234 145 99 141 145 123 145 145 145 293 85 112 157 157 121 94
"DM3X5g004:MERGE" 154 154 178 135 223 152 195 145 233 233 233 233 202 360 98 99 149 133 128 91
"DM3X5g005:MERGE" 136 136 180 145 217 136 155 99 162 162 162 161 162 284 100 101 163 140 141 111
"DM3X5g006:MERGE" 103 103 172 123 197 102 126 102 121 121 121 120 101 284 73 73 119 119 99 76
"DM3X5g007:MERGE" 175 161 190 155 245 163 165 128 251 214 251 251 220 368 99 99 173 155 154 108
"DM3X5g008:MERGE" 189 189 163 100 181 193 145 145 210 209 210 210 210 364 93 127 122 122 111 61
"DM3X5g009:MERGE" 156 156 157 110 184 156 270 170 142 122 142 142 125 321 96 96 135 120 118 79
"DM3X5g010:MERGE" 162 147 175 157 244 147 157 121 177 177 177 177 177 312 84 108 153 130 136 98
"DM3X5g011:MERGE" 204 203 193 124 220 207 142 120 253 216 253 253 252 92 77 98 127 127 127 75
"DM3X5g012:MERGE" 140 141 176 103 199 140 150 91 156 156 156 156 154 82 96 123 126 126 126 83
"DM3X5g013:MERGE" 216 197 255 207 319 196 130 88 206 180 206 205 186 100 100 100 194 162 170 130
"DM3X5g014:MERGE" 163 163 169 193 257 164 286 212 76 98 76 98 81 337 139 164 146 111 130 114
"DM3X5g015:MERGE" 135 135 107 99 152 136 93 78 130 129 130 116 113 90 73 82 97 85 88 67
"DM3X5g016:MERGE" 191 190 200 157 257 190 146 131 245 224 245 245 245 326 156 190 155 141 140 85
"DM3X5g017:MERGE" 184 165 184 144 234 166 174 132 189 158 189 188 187 264 95 122 124 124 101 69
"DM3X5g018:MERGE" 182 174 296 170 293 177 85 73 201 201 201 201 201 376 99 124 188 188 188 108
"DM3X5g019:MERGE" 146 131 178 144 226 131 176 161 168 167 168 168 152 62 115 116 129 118 102 81
"DM3X5g020:MERGE" 165 139 252 191 317 138 157 120 283 283 283 282 283 114 122 122 167 144 146 90
"DM3X5g021:MERGE" 217 198 215 142 248 199 220 177 259 232 259 260 260 342 95 98 132 132 132 72
"DM3X5g022:MERGE" 175 150 198 141 241 149 120 89 189 189 189 189 188 288 90 90 151 151 136 88
"DM3X5g023:MERGE" 186 176 169 105 195 178 162 149 154 135 154 154 130 346 79 103 123 123 99 71
"DM3X5g024:MERGE" 147 134 190 111 216 134 215 186 172 172 172 172 157 342 93 93 157 157 139 81
"DM3X5g025:MERGE" 181 181 264 208 352 182 162 169 254 207 253 254 254 341 154 154 214 180 196 126
"DM3X5g026:MERGE" 177 177 208 146 255 179 130 150 174 142 174 173 174 124 85 115 164 144 164 97
"DM3X5g027:MERGE" 155 146 156 130 214 146 107 92 188 188 188 188 159 368 115 143 159 142 159 88
"DM3X5g028:MERGE" 217 195 205 148 261 197 157 137 247 247 247 247 246 274 111 111 185 166 165 102
"DM3X5g029:MERGE" 207 178 162 109 201 179 179 114 164 138 165 165 119 398 105 147 127 113 127 66
"DM3X5g030:MERGE" 212 206 298 186 322 206 194 130 215 215 215 215 215 340 101 101 188 188 149 114
"DM3X5g031:MERGE" 199 199 176 129 229 201 177 158 271 272 272 272 272 112 134 134 154 140 136 87
"DM3X5g032:MERGE" 167 167 143 99 190 166 143 97 70 70 70 70 70 280 95 116 116 101 134 73
"DM3X5g033:MERGE" 182 182 146 138 209 177 183 158 221 176 221 220 188 264 102 118 121 101 106 87
"DM3X5g034:MERGE" 152 130 166 150 230 129 184 117 269 269 269 269 244 306 74 75 135 135 120 86
"DM3X5g035:MERGE" 239 226 225 169 290 228 55 69 225 225 225 224 223 110 104 122 125 115 125 81
"DM3X5g036:MERGE" 304 285 236 180 305 279 196 155 302 302 302 302 252 434 119 119 213 179 191 131
"DM3X5g037:MERGE" 241 227 263 228 348 227 152 142 251 228 251 250 215 92 96 96 226 198 190 144
"DM3X5g038:MERGE" 134 133 161 126 194 134 155 131 111 111 111 111 86 278 110 110 102 86 102 58
"DM3X5g039:MERGE" 190 189 261 178 301 190 145 126 224 186 224 223 196 374 146 146 197 179 197 108
"DM3X5g040:MERGE" 236 236 167 112 199 236 184 144 171 170 171 170 171 84 86 116 148 148 132 75
"DM3X5g041:MERGE" 151 151 199 168 236 151 95 82 169 140 169 169 132 96 145 146 157 137 139 111
"DM3X5g042:MERGE" 205 204 234 187 270 173 161 147 194 194 194 194 193 333 81 81 167 167 137 119
"DM3X5g044:MERGE" 230 193 243 207 323 191 143 189 230 230 230 230 230 442 105 105 231 199 205 133
"DM3X5g046:MERGE" 151 130 204 145 231 130 189 188 182 147 182 182 181 294 146 146 163 163 138 105
"DM3X5g048:MERGE" 235 214 237 140 258 217 159 126 263 263 263 263 261 124 123 174 145 145 129 85
"DM3X5g049:MERGE" 215 215 205 144 251 216 138 134 265 265 265 265 212 92 106 107 174 155 174 100
"DM3X5g050:MERGE" 150 150 180 117 174 152 131 142 253 208 253 252 250 328 101 120 140 124 127 75
"DM3X5g051:MERGE" 209 209 224 136 248 210 219 163 227 227 227 226 227 318 82 113 134 121 134 72
"DM3X5g052:MERGE" 106 106 219 177 279 106 188 123 243 221 243 242 207 249 98 84 174 150 145 106
"DM3X5g054:MERGE" 187 187 213 182 287 113 173 119 196 196 196 195 195 346 111 145 178 141 178 109
"DM3X5g056:MERGE" 211 198 206 151 264 199 165 172 260 260 260 259 259 346 115 148 153 132 153 81
"DM3X5g057:MERGE" 183 183 223 182 287 185 186 149 247 225 247 247 247 373 132 132 201 171 201 117
"DM3X5g058:MERGE" 98 98 158 130 193 97 54 41 191 191 191 191 173 262 101 101 122 122 110 75
"DM3X5g059:MERGE" 164 164 184 155 203 24 164 111 360 360 360 360 318 126 114 115 174 174 145 112
"DM3X5g060:MERGE" 161 161 190 143 205 163 195 157 140 120 140 140 139 368 114 114 160 145 145 94
"DM3X5g061:MERGE" 164 159 227 188 287 156 87 109 288 287 288 286 288 324 105 105 165 144 141 115
"DM3X5g062:MERGE" 206 184 175 175 257 187 85 164 162 147 162 162 161 310 85 86 143 124 146 107
"DM3X5g063:MERGE" 177 169 195 157 241 169 171 156 218 181 218 217 189 342 118 119 162 129 145 109
"DM3X5g064:MERGE" 168 152 250 231 337 153 104 122 215 196 215 214 197 372 112 146 201 163 175 146
"DM3X5g065:MERGE" 279 260 254 214 344 261 180 161 288 288 287 288 263 158 90 91 201 181 161 123
"DM3X5g066:MERGE" 214 199 210 211 302 200 201 147 313 279 312 313 276 350 108 108 173 144 148 119
"DM3X5g067:MERGE" 169 169 222 125 242 170 224 173 103 103 103 103 78 140 101 130 168 168 168 91
"DM3X5g068:MERGE" 174 174 205 123 229 172 237 180 155 170 155 170 169 332 102 102 112 112 112 60
"DM3X5g069:MERGE" 151 151 239 207 329 153 233 191 178 178 178 178 178 380 161 161 234 193 212 153
"DM3X5g070:MERGE" 182 182 228 165 277 183 203 135 166 138 166 165 166 386 117 152 160 160 132 95
"DM3X5g071:MERGE" 200 200 260 174 306 73 108 137 195 163 195 194 194 74 96 121 187 164 160 105
"DM3X5g072:MERGE" 124 116 165 113 192 116 107 117 212 212 212 211 211 140 101 101 132 117 116 75
"DM3X5g073:MERGE" 194 175 234 188 276 175 203 135 191 146 192 192 190 445 131 169 187 169 186 134
"DM3X5g075:MERGE" 167 158 150 119 206 162 211 165 166 121 166 166 166 356 107 137 157 131 157 98
"DM3X5g076:MERGE" 228 227 204 157 238 228 121 122 219 239 219 238 206 100 112 128 161 143 147 101
"DM3X5g077:MERGE" 197 196 232 196 299 196 210 176 150 150 150 150 119 328 90 90 198 160 170 134
"DM3X5g078:MERGE" 182 182 213 147 241 183 246 208 250 222 250 248 248 380 97 119 175 175 175 111
"DM3X5g079:MERGE" 187 187 185 138 208 125 170 123 204 204 204 204 204 104 116 116 126 125 99 88
"DM3X5g080:MERGE" 180 161 178 134 242 162 120 98 298 298 298 297 298 138 114 114 154 140 141 80
"DM3X5g081:MERGE" 198 196 302 201 328 198 294 197 235 188 235 235 234 388 169 170 217 217 217 132
"DM3X5g082:MERGE" 222 222 213 142 259 221 246 212 320 320 320 320 319 98 169 168 169 169 150 92
"DM3X5g083:MERGE" 227 204 216 128 254 208 265 185 268 234 268 266 268 286 102 140 196 171 196 99
"DM3X5g084:MERGE" 210 201 218 134 257 165 88 96 207 207 207 207 207 122 104 108 173 156 157 87
"DM3X5g085:MERGE" 226 212 220 249 313 213 138 109 195 159 195 195 154 414 133 134 214 176 173 178
"DM3X5g086:MERGE" 270 220 298 182 327 221 199 141 210 175 210 209 209 126 114 115 206 204 206 107
"DM3X5g087:MERGE" 185 170 245 189 294 170 117 114 146 129 146 146 146 354 129 128 208 184 181 138
"DM3X5g088:MERGE" 129 121 236 184 307 121 97 120 228 228 228 228 201 434 122 122 224 190 203 138
"DM3X5g089:MERGE" 242 223 221 203 298 224 125 143 192 192 192 191 160 114 114 114 212 193 183 142
"DM3X5g090:MERGE" 202 203 255 181 305 203 188 234 261 261 261 261 224 357 108 108 203 173 181 111
"DM3X5g091:MERGE" 186 176 250 177 311 175 146 127 185 185 185 185 185 78 107 129 195 165 160 115
"DM3X5g092:MERGE" 221 221 199 154 260 221 262 193 123 123 123 123 123 132 140 172 180 160 161 106
"DM3X5g093:MERGE" 195 195 236 156 264 194 169 169 243 243 243 243 243 322 123 123 161 160 128 106
"DM3X5g094:MERGE" 180 167 200 213 286 169 82 82 202 156 202 202 202 113 150 150 171 144 150 128
"DM3X5g095:MERGE" 167 167 205 159 263 169 175 119 149 149 149 148 149 289 100 121 179 155 179 109
"DM3X5g096:MERGE" 280 248 277 208 352 247 229 201 348 348 348 347 348 152 117 119 225 226 204 130
"DM3X5g097:MERGE" 199 199 162 142 236 197 248 219 176 176 176 174 137 136 131 125 148 128 162 90
"DM3X5g098:MERGE" 152 141 273 197 316 128 121 155 225 189 225 224 225 370 134 134 215 190 191 131
"DM3X5g099:MERGE" 203 204 260 170 308 165 229 149 286 229 286 285 286 459 128 160 200 165 200 111
"DM3X5g100:MERGE" 182 181 182 181 258 182 253 161 114 114 114 114 114 460 121 136 152 117 125 106
"DM3X5g101:MERGE" 194 194 147 144 230 195 107 73 122 134 122 134 109 268 91 91 151 121 151 94
"DM3X5g102:MERGE" 174 174 243 183 283 173 147 114 264 264 264 263 232 264 100 100 171 171 141 109
"DM3X5g103:MERGE" 215 196 187 150 243 199 221 167 144 106 144 144 144 292 111 138 162 131 161 102
"DM3X5g104:MERGE" 210 209 286 221 353 209 321 239 250 250 250 250 249 214 147 147 240 240 198 145
"DM3X5g105:MERGE" 209 185 222 136 256 185 170 139 100 100 100 100 100 101 119 119 159 142 159 88
"DM3X5g106:MERGE" 188 171 174 129 231 173 268 170 245 207 245 245 241 304 65 93 156 133 156 90
"DM3X5g107:MERGE" 197 160 354 195 353 162 123 177 198 198 198 198 197 400 121 121 253 253 253 137
"DM3X5g108:MERGE" 193 193 240 159 286 196 118 100 212 212 212 212 187 120 101 101 214 214 186 124
"DM3X5g109:MERGE" 184 169 194 186 288 171 309 224 249 222 249 249 249 340 97 113 141 141 124 97
"DM3X5g110:MERGE" 183 183 225 146 244 184 200 158 239 208 239 239 239 122 173 173 193 176 170 121
"DM3X5g111:MERGE" 209 183 240 198 301 183 190 162 247 247 247 246 247 390 104 124 205 168 186 134
"DM3X5g112:MERGE" 177 156 224 162 269 153 95 127 196 162 196 196 166 76 111 111 131 116 114 74
"DM3X5g113:MERGE" 198 177 236 206 316 178 132 75 163 148 163 162 146 106 112 113 225 171 203 159
"DM3X5g114:MERGE" 191 174 283 216 343 176 175 159 271 271 271 270 270 475 124 124 193 174 165 142
"DM3X5g115:MERGE" 311 312 421 285 511 311 261 191 331 332 332 331 286 134 213 213 324 275 324 176
"DM3X5g116:MERGE" 194 194 271 224 335 193 194 155 315 274 315 315 315 422 99 132 198 169 173 131
"DM3X5g117:MERGE" 207 186 177 126 203 187 192 181 192 159 192 192 190 276 87 106 146 146 146 86
"DM3X5g118:MERGE" 220 213 260 157 296 183 120 96 261 260 261 260 231 356 115 115 174 174 141 95
"DM3X5g119:MERGE" 167 150 173 166 246 122 159 122 128 128 128 128 128 312 128 128 123 103 110 80
"DM3X5g120:MERGE" 208 191 223 143 243 192 184 168 234 191 234 234 205 370 135 135 178 178 161 105
"DM3X5g121:MERGE" 123 112 266 200 359 112 129 115 192 192 192 191 149 140 131 131 252 218 224 135
"DM3X5g122:MERGE" 221 202 211 142 257 207 97 101 199 177 199 178 198 158 107 129 190 161 157 105
"DM3X5g123:MERGE" 124 109 176 118 228 112 114 105 175 156 175 175 175 401 111 111 172 147 173 92
"DM3X5g124:MERGE" 256 226 213 189 291 228 292 204 165 165 165 165 164 126 112 140 177 146 177 122
"DM3X5g125:MERGE" 197 199 230 202 321 200 108 111 264 264 264 262 264 334 137 137 182 148 182 116
"DM3X5g126:MERGE" 176 176 217 132 249 175 134 128 224 196 224 223 224 478 119 119 191 171 191 103
"DM3X5g127:MERGE" 201 177 181 109 214 180 182 176 94 94 94 94 93 450 122 147 152 137 132 78
"DM3X5g128:MERGE" 257 257 255 164 312 258 259 222 203 203 203 203 167 431 137 170 209 209 188 113
"DM3X5g129:MERGE" 260 247 244 165 306 248 135 101 180 180 180 180 151 333 139 140 192 166 172 122
"DM3X5g130:MERGE" 264 264 221 165 290 263 179 170 178 178 178 177 137 341 135 186 192 154 173 126
"DM3X5g131:MERGE" 219 199 252 205 337 198 128 94 138 138 138 138 138 386 105 147 202 170 202 122
"DM3X5g132:MERGE" 254 227 194 123 237 230 145 99 209 208 208 209 181 116 108 151 148 138 164 85
"DM3X5g133:MERGE" 178 177 214 152 253 181 163 120 166 166 166 166 121 344 107 107 183 184 163 109
"DM3X5g134:MERGE" 195 195 280 204 315 196 274 198 126 89 126 126 113 334 171 172 194 171 176 122
"DM3X5g135:MERGE" 243 222 232 212 313 222 157 118 141 121 141 141 141 404 130 130 194 142 193 124
"DM3X5g136:MERGE" 216 207 178 128 211 209 161 156 213 185 213 213 212 118 117 106 135 135 121 86
"DM3X5g137:MERGE" 190 190 189 166 253 190 157 152 194 194 194 194 194 404 134 162 161 147 164 114
"DM3X5g138:MERGE" 179 159 228 199 298 161 95 115 186 144 186 186 154 392 82 82 201 181 178 142
"DM3X5g139:MERGE" 230 230 199 152 242 228 222 160 231 231 231 231 202 379 127 170 144 144 127 92
"DM3X5g140:MERGE" 228 209 240 205 312 180 121 139 144 144 144 144 144 120 83 103 159 148 182 121
"DM3X5g141:MERGE" 225 216 223 125 244 219 242 245 173 141 173 172 173 209 127 162 165 148 151 88
"DM3X5g142:MERGE" 277 269 248 192 295 269 197 226 244 244 244 244 243 362 137 137 170 170 145 98
"DM3X5g143:MERGE" 227 226 184 116 216 224 200 146 123 135 123 135 135 478 137 137 145 145 118 74
"DM3X5g144:MERGE" 190 181 199 123 222 187 122 90 101 101 101 100 77 298 89 89 159 159 134 95
"DM3X5g145:MERGE" 302 270 265 206 326 274 208 168 194 162 194 194 194 420 118 139 233 201 196 147
"DM3X5g146:MERGE" 234 232 233 163 269 232 260 221 222 192 222 222 222 114 115 145 190 171 190 116
"DM3X5g147:MERGE" 151 151 208 190 277 153 193 144 284 238 284 284 284 519 129 160 185 150 169 113
"DM3X5g148:MERGE" 217 217 220 130 249 218 165 157 236 236 236 235 236 396 118 144 176 159 151 100
"DM3X5g149:MERGE" 201 201 214 201 302 200 185 152 306 306 306 306 267 118 103 103 182 159 184 136
"DM3X5g150:MERGE" 163 163 246 176 311 162 178 182 295 294 295 294 260 120 113 113 238 187 238 134
"DM3X5g151:MERGE" 208 209 212 160 236 170 142 114 126 126 126 126 126 99 131 131 137 137 120 94
"DM3X5g152:MERGE" 183 158 235 161 261 161 183 152 135 115 134 135 135 375 117 117 153 153 127 88
"DM3X5g153:MERGE" 169 169 275 186 330 165 213 144 192 192 192 191 192 446 133 133 217 182 217 122
"DM3X5g154:MERGE" 250 250 203 143 269 251 284 223 230 178 230 230 230 330 113 147 147 135 161 82
"DM3X5g155:MERGE" 225 201 200 129 239 202 312 205 287 254 287 286 262 407 154 169 159 159 159 85
"DM3X5g156:MERGE" 222 203 252 202 305 202 145 134 174 143 174 173 143 400 138 138 230 206 189 163
"DM3X5g157:MERGE" 175 158 263 191 313 157 106 81 129 141 129 141 141 316 109 109 205 183 205 116
"DM3X5g158:MERGE" 177 172 226 182 268 176 162 194 205 205 205 203 169 100 104 104 173 173 136 129
"DM3X5g159:MERGE" 203 192 243 160 297 192 149 133 186 186 186 186 186 327 165 191 161 129 161 90
"DM3X5g160:MERGE" 146 133 137 171 236 135 88 78 101 101 101 101 101 54 81 90 147 101 147 101
"DM3X5g161:MERGE" 232 233 285 220 351 231 152 143 220 220 220 220 220 378 175 175 250 203 220 163
"DM3X5g162:MERGE" 233 233 233 222 310 233 231 169 360 308 360 360 360 166 128 162 198 145 174 150
"DM3X5g163:MERGE" 205 176 223 125 245 176 209 153 134 134 134 133 134 336 92 92 171 171 171 86
"DM3X5g164:MERGE" 221 221 240 163 267 220 234 183 102 102 102 102 69 330 138 138 165 165 130 103
"DM3X5g165:MERGE" 226 226 216 156 241 226 277 243 318 318 318 318 318 360 110 150 171 156 170 115
"DM3X5g166:MERGE" 181 160 234 188 321 161 208 171 265 238 265 265 265 64 100 113 216 174 196 121
"DM3X5g167:MERGE" 189 189 199 139 249 189 165 133 280 248 280 279 278 182 87 101 177 150 157 104
"DM3X5g168:MERGE" 230 229 194 173 263 230 127 106 186 161 184 186 156 100 98 109 162 143 155 128
"DM3X5g169:MERGE" 204 204 283 216 351 204 296 169 271 271 270 270 271 104 95 95 220 180 220 136
"DM3X5g170:MERGE" 179 170 223 168 285 152 135 96 186 186 186 186 186 418 88 102 205 205 179 130
"DM3X5g171:MERGE" 192 192 209 193 294 192 187 155 155 155 155 155 132 90 102 121 233 197 212 162
"DM3X5g172:MERGE" 239 210 244 142 246 213 193 163 154 122 154 151 154 416 110 136 189 189 171 105
"DM3X5g173:MERGE" 190 188 251 215 333 192 221 235 366 332 366 366 364 497 129 129 211 183 211 120
"DM3X5g174:MERGE" 191 191 180 153 237 192 157 180 230 230 229 230 229 366 135 158 173 153 151 116
"DM3X5g175:MERGE" 157 141 242 197 307 78 150 191 191 191 191 191 156 96 131 133 173 158 173 116
"DM3X5g176:MERGE" 123 111 201 145 253 110 78 97 197 180 195 197 174 389 81 81 178 157 177 101
"DM3X5g177:MERGE" 260 260 290 200 370 262 134 117 127 127 127 127 126 304 127 157 234 211 234 125
"DM3X5g178:MERGE" 242 219 191 140 217 219 261 196 154 154 154 153 123 90 110 114 149 149 133 91
"DM3X5g179:MERGE" 173 153 211 210 286 123 98 141 225 189 225 225 225 332 131 131 165 136 140 115
"DM3X5g180:MERGE" 210 210 327 234 360 213 233 173 153 153 153 153 151 384 120 120 226 203 187 144
"DM3X5g181:MERGE" 216 216 248 211 308 219 128 161 272 235 272 271 236 106 111 111 234 213 208 160
"DM3X5g182:MERGE" 203 203 171 117 208 203 212 139 269 269 269 269 233 104 120 120 147 134 133 77
"DM3X5g183:MERGE" 161 155 142 106 183 154 91 122 123 123 123 123 112 345 106 145 118 96 107 72
"DM3X5g184:MERGE" 234 209 254 193 333 212 279 258 147 147 147 147 146 406 102 135 247 223 248 144
"DM3X5g185:MERGE" 177 177 227 144 261 149 159 140 131 131 131 131 131 158 134 133 207 207 207 104
"DM3X5g186:MERGE" 202 188 287 195 332 188 312 196 206 184 206 206 205 389 131 158 235 235 235 126
"DM3X5g187:MERGE" 263 264 307 234 389 268 85 76 270 228 270 268 270 399 141 167 279 279 278 175
"DM3X5g188:MERGE" 210 203 269 212 354 207 119 101 187 187 187 187 167 126 122 113 282 243 282 166
"DM3X5g189:MERGE" 198 198 263 228 352 200 153 134 232 191 232 232 192 146 126 126 261 212 231 170
"DM3X5g190:MERGE" 257 242 250 176 325 245 156 97 205 205 205 205 203 94 105 140 238 208 217 127
"DM3X5g191:MERGE" 159 149 230 160 276 151 120 125 210 210 210 209 210 385 107 107 169 143 153 107
"DM3X5g192:MERGE" 275 244 286 196 321 213 207 200 312 312 312 312 312 116 168 168 212 212 185 132
"DM3X5g193:SRR1586329:6:123932" 360 360 258 195 325 362 349 253 380 379 380 380 334 76 160 215 225 225 197 145
"DM3X5g194:SRR1586329:6:123933" 194 194 183 140 243 191 367 211 250 222 250 250 249 250 125 125 162 134 148 96
"DM3X5g195:SRR1586329:6:123934" 233 223 264 208 327 223 220 158 244 244 244 244 244 92 147 188 249 224 249 168
"DM3X5g196:SRR1586329:6:123935" 375 375 326 268 416 376 268 248 264 264 263 264 235 80 205 205 258 226 232 171
"DM3X5g197:SRR1586329:6:123936" 264 264 294 201 339 263 346 225 148 117 148 148 148 70 162 162 241 208 241 143
"DM3X5g198:SRR1586329:6:123836" 213 194 237 176 294 192 131 144 266 237 266 266 219 168 137 137 183 157 183 112
"DM3X5g199:SRR1586329:6:123837" 133 120 152 110 198 121 141 129 171 141 171 171 171 40 72 93 136 124 123 71
"DM3X5g200:SRR1586329:6:123838" 175 175 189 159 260 176 196 134 238 238 238 238 238 150 107 149 139 111 139 88
"DM3X5g201:SRR1586329:6:123839" 161 161 161 109 214 160 264 188 123 123 123 106 123 72 128 150 130 106 130 72
"DM3X5g202:SRR1586329:6:123840" 548 548 468 324 572 547 344 277 729 645 729 728 729 170 248 315 334 295 334 183
"DM3X5g203:SRR1586329:6:123841" 161 161 170 139 212 158 152 150 172 148 172 172 171 80 81 80 144 126 131 93
"DM3X5g204:SRR1586329:6:123842" 595 560 640 459 745 566 692 506 843 735 843 842 725 719 341 341 499 423 453 310
"DM3X5g205:SRR1586329:6:123843" 180 179 174 149 234 180 151 122 164 164 164 164 164 50 77 97 117 96 117 70
"DM3X5g206:SRR1586329:6:123844" 92 85 140 112 184 86 106 78 152 152 150 152 118 86 87 111 115 115 115 72
"DM3X5g207:SRR1586329:6:123845" 149 150 173 127 204 149 176 124 179 179 179 178 179 146 86 99 147 131 147 97
"DM3X5g208:SRR1586329:6:123846" 112 101 149 129 178 102 106 125 90 90 90 90 89 38 54 55 129 115 110 88
"DM3X5g209:SRR1586329:6:123847" 162 142 180 153 238 143 182 153 161 161 161 161 127 174 90 90 187 187 187 125
"DM3X5g210:SRR1586329:6:123848" 367 349 292 212 342 349 240 186 354 354 354 354 354 86 146 167 208 208 208 130
"DM3X5g211:SRR1586329:6:123849" 208 182 186 120 229 183 282 183 176 136 176 176 176 28 95 94 147 147 147 74
"DM3X5g212:SRR1586329:6:123850" 339 320 292 196 353 322 364 301 207 207 207 207 206 236 118 140 221 190 221 126
"DM3X5g213:SRR1586329:6:123851" 239 210 246 169 302 210 302 207 191 164 191 191 191 184 146 146 184 184 184 97
"DM3X5g214:SRR1586329:6:123852" 279 253 341 311 429 253 124 188 331 282 331 331 285 82 192 192 267 232 228 200
"DM3X5g215:SRR1586329:6:123853" 279 279 236 165 284 278 286 243 406 406 406 404 372 86 158 159 187 187 187 100
"DM3X5g216:SRR1586329:6:123854" 509 471 374 333 545 477 375 305 361 361 361 360 288 514 241 271 382 303 382 224
"DM3X5g217:SRR1586329:6:123855" 258 258 180 124 225 259 192 152 305 264 305 305 305 80 113 139 140 140 140 71
"DM3X5g218:SRR1586329:6:123856" 220 220 219 160 279 223 299 258 161 161 161 161 161 190 110 146 166 134 166 100
"DM3X5g219:SRR1586329:6:123857" 147 147 166 152 223 150 118 100 191 191 191 191 174 164 132 132 151 130 137 101
"DM3X5g220:SRR1586329:6:123858" 191 191 156 149 231 191 166 145 200 173 200 200 199 170 103 103 174 149 174 117
"DM3X5g221:SRR1586329:6:123859" 209 189 148 119 207 191 142 107 130 130 130 130 103 136 91 122 123 95 123 65
"DM3X5g222:SRR1586329:6:123860" 183 184 155 113 213 186 204 170 141 125 141 141 141 141 96 115 155 125 155 84
"DM3X5g223:SRR1586329:6:123861" 226 225 248 170 315 228 189 208 253 217 253 253 225 108 153 191 197 174 197 105
"DM3X5g224:SRR1586329:6:123862" 204 192 235 204 322 195 253 169 233 192 233 233 233 242 130 130 201 149 201 123
"DM3X5g225:SRR1586329:6:123863" 398 369 280 234 371 369 306 224 265 219 265 265 211 351 155 155 233 202 213 136
"DM3X5g226:SRR1586329:6:123864" 312 311 362 239 409 312 413 306 259 213 259 259 259 88 175 175 244 244 244 138
"DM3X5g227:SRR1586329:6:123865" 297 267 279 224 356 265 346 246 245 245 245 245 245 242 167 167 204 178 178 126
"DM3X5g228:SRR1586329:6:123866" 331 302 269 237 346 302 233 186 250 218 250 250 206 288 169 170 209 161 209 143
"DM3X5g229:SRR1586329:6:123867" 199 199 257 188 305 199 149 156 287 287 287 287 253 60 153 153 190 158 170 113
"DM3X5g230:SRR1586329:6:123868" 249 227 218 157 272 229 151 84 147 147 147 147 147 174 147 147 152 132 152 87
"DM3X5g231:SRR1586329:6:123869" 176 176 147 115 192 172 201 135 202 202 202 202 201 62 86 87 137 137 137 78
"DM3X5g232:SRR1586329:6:123870" 119 108 121 77 145 108 166 100 94 80 94 94 94 34 61 61 108 97 97 56
"DM3X5g233:SRR1586329:6:123871" 183 163 190 112 190 163 114 98 133 133 133 133 133 124 103 103 124 124 108 78
"DM3X5g234:SRR1586329:6:123872" 191 177 157 137 229 178 163 125 181 156 181 180 163 168 97 97 155 124 155 94
"DM3X5g235:SRR1586329:6:123873" 305 265 257 213 333 266 241 224 297 297 297 297 261 88 170 170 219 183 199 138
"DM3X5g236:SRR1586329:6:123874" 210 196 177 129 214 195 182 132 226 201 226 226 180 70 126 126 137 137 137 80
"DM3X5g237:SRR1586329:6:123875" 267 232 236 209 330 235 183 215 258 258 257 258 226 170 135 134 183 138 183 120
"DM3X5g238:SRR1586329:6:123876" 274 248 234 198 317 249 134 115 284 252 283 284 284 218 139 140 186 159 186 115
"DM3X5g239:SRR1586329:6:123877" 129 128 220 165 272 126 257 218 185 185 185 185 185 178 128 165 202 179 202 108
"DM3X5g240:SRR1586329:6:123878" 269 247 253 197 302 251 163 140 230 230 230 230 230 218 131 125 179 152 179 103
"DM3X5g241:SRR1586329:6:123879" 157 157 150 130 202 158 236 156 122 122 122 122 122 182 91 91 141 106 129 93
"DM3X5g242:SRR1586329:6:123880" 169 169 159 140 213 169 177 129 104 84 104 104 104 42 75 93 142 108 126 91
"DM3X5g243:SRR1586329:6:123881" 228 228 138 104 181 230 154 124 164 139 164 164 140 40 90 119 109 93 98 65
"DM3X5g244:SRR1586329:6:123882" 148 147 201 128 235 149 118 91 113 113 113 113 102 156 97 97 171 171 171 92
"DM3X5g245:SRR1586329:6:123883" 186 169 233 159 271 171 144 156 272 271 271 272 244 34 124 124 195 170 195 111
"DM3X5g246:SRR1586329:6:123884" 162 151 164 119 203 151 71 93 196 171 196 196 172 42 96 96 116 101 116 73
"DM3X5g247:SRR1586329:6:123885" 223 201 182 136 234 201 104 78 277 242 277 277 251 58 117 141 134 121 134 73
"DM3X5g248:SRR1586329:6:123886" 195 195 184 153 218 196 118 158 248 219 248 248 247 76 133 134 143 143 120 90
"DM3X5g249:SRR1586329:6:123887" 154 154 132 82 159 154 165 112 81 81 81 81 81 144 79 109 111 97 111 56
"DM3X5g250:SRR1586329:6:123888" 149 137 128 99 160 139 106 98 115 103 115 114 115 54 81 81 117 97 104 70
"DM3X5g251:SRR1586329:6:123889" 167 160 129 96 162 161 114 87 125 125 125 125 125 120 62 95 95 78 95 56
"DM3X5g252:SRR1586329:6:123890" 485 484 495 353 585 487 373 461 417 417 417 417 359 524 279 279 424 368 376 253
"DM3X5g253:SRR1586329:6:123891" 157 157 147 108 193 157 167 137 167 167 167 166 148 142 85 85 129 111 129 69
"DM3X5g254:SRR1586329:6:123892" 259 258 192 113 224 260 248 179 148 118 148 148 148 162 113 145 140 140 140 72
"DM3X5g255:SRR1586329:6:123893" 194 194 200 154 252 197 216 139 160 136 160 160 160 182 87 87 149 124 149 90
"DM3X5g256:SRR1586329:6:123894" 156 153 151 110 188 153 131 122 170 153 170 169 170 114 76 76 111 111 111 64
"DM3X5g257:SRR1586329:6:123895" 178 178 148 129 200 179 83 68 112 112 112 112 89 34 77 77 98 86 98 59
"DM3X5g258:SRR1586329:6:123896" 205 205 210 156 269 204 161 106 175 175 175 175 175 52 128 128 165 138 165 101
"DM3X5g259:SRR1586329:6:123897" 257 257 169 122 221 259 219 179 259 259 259 259 212 256 100 124 168 140 168 101
"DM3X5g260:SRR1586329:6:123898" 179 179 194 122 229 179 90 88 273 243 273 272 247 118 99 99 143 143 131 81
"DM3X5g261:SRR1586329:6:123899" 334 304 295 259 406 308 337 263 449 394 449 449 448 300 158 216 212 185 194 144
"DM3X5g262:SRR1586329:6:123900" 274 275 282 195 334 276 208 155 186 186 186 186 186 256 131 131 195 195 169 111
"DM3X5g263:SRR1586329:6:123901" 195 185 196 140 228 186 119 89 167 167 167 166 167 170 94 94 143 126 129 84
"DM3X5g264:SRR1586329:6:123902" 458 415 349 286 463 418 243 299 472 472 472 469 431 114 229 229 280 280 248 162
"DM3X5g265:SRR1586329:6:123903" 241 242 240 176 282 241 251 159 242 213 242 242 241 184 141 142 143 130 130 89
"DM3X5g266:SRR1586329:6:123904" 151 136 120 109 169 137 82 122 168 145 168 168 140 142 87 87 111 99 111 77
"DM3X5g267:SRR1586329:6:123905" 169 169 176 123 203 173 169 125 141 141 141 141 141 68 63 85 131 120 120 80
"DM3X5g268:SRR1586329:6:123906" 198 183 158 114 202 184 144 124 158 158 158 158 158 28 74 91 122 109 122 69
"DM3X5g269:SRR1586329:6:123907" 130 117 138 101 175 115 99 92 150 150 150 150 127 18 47 60 120 104 120 77
"DM3X5g270:SRR1586329:6:123908" 143 143 132 121 185 143 167 107 179 151 179 179 163 116 54 54 138 112 122 95
"DM3X5g271:SRR1586329:6:123909" 178 162 180 151 242 160 150 112 213 185 213 213 213 46 96 96 153 138 153 82
"DM3X5g272:SRR1586329:6:123910" 216 216 232 161 279 216 265 178 246 223 245 246 245 130 106 137 181 151 181 99
"DM3X5g273:SRR1586329:6:123911" 263 263 187 119 219 264 247 159 131 131 131 131 115 210 113 150 143 143 129 76
"DM3X5g274:SRR1586329:6:123912" 205 205 179 166 265 205 187 104 164 164 164 163 135 186 144 144 175 154 175 102
"DM3X5g275:SRR1586329:6:123913" 231 220 167 120 218 220 155 139 155 155 155 155 155 184 78 99 139 120 127 73
"DM3X5g276:SRR1586329:6:123914" 123 123 172 128 220 126 233 135 134 120 134 134 114 118 91 113 118 86 118 69
"DM3X5g277:SRR1586329:6:123915" 213 185 250 147 247 184 212 147 162 162 162 161 162 136 98 133 149 149 149 85
"DM3X5g278:SRR1586329:6:123916" 174 154 148 121 197 153 140 163 138 138 138 138 138 154 102 102 117 117 117 66
"DM3X5g279:SRR1586329:6:123917" 168 153 166 106 190 152 98 121 80 80 80 80 80 108 96 96 111 93 111 59
"DM3X5g280:SRR1586329:6:123918" 197 197 209 148 257 197 259 189 152 152 152 151 152 142 99 99 182 166 182 107
"DM3X5g281:SRR1586329:6:123919" 176 177 185 114 207 178 148 114 166 143 166 166 166 106 84 108 126 114 126 68
"DM3X5g282:SRR1586329:6:123920" 185 173 157 105 166 173 171 105 163 144 163 162 163 122 89 126 107 94 96 60
"DM3X5g283:SRR1586329:6:123921" 159 159 164 107 163 160 156 141 129 100 129 129 129 176 95 95 112 112 112 67
"DM3X5g284:SRR1586329:6:123922" 170 158 151 132 185 160 140 92 119 119 119 119 119 108 65 65 98 83 98 74
"DM3X5g285:SRR1586329:6:123923" 110 111 127 75 147 113 128 97 102 102 102 102 81 120 56 56 104 104 104 54
"DM3X5g286:SRR1586329:6:123924" 170 154 146 114 177 156 166 142 176 156 176 176 176 143 86 86 116 99 106 75
"DM3X5g287:SRR1586329:6:123937" 163 163 152 112 183 163 64 39 187 157 187 187 168 122 72 72 115 102 115 69
"DM3X5g288:SRR1586329:6:123925" 100 100 144 101 146 102 89 70 96 96 96 96 78 40 69 69 121 121 121 71
"DM3X5g289:SRR1586329:6:123926" 115 115 89 94 133 115 131 104 97 97 97 97 79 36 58 58 95 83 80 71
"DM3X5g290:SRR1586329:6:123927" 117 109 111 100 160 111 85 78 109 109 109 109 108 114 64 64 98 81 98 61
"DM3X5g291:SRR1586329:6:123928" 121 121 131 84 149 122 117 102 144 144 144 144 144 97 84 84 81 81 81 44
"DM3X5g292:SRR1586329:6:123929" 88 89 126 78 138 88 136 90 150 131 150 150 149 34 74 92 90 90 78 54
"DM3X5g293:SRR1586329:6:123930" 215 196 153 115 188 195 154 122 137 109 137 137 136 155 93 120 123 108 123 79
"DM3X5g294:MERGE" 263 263 303 230 379 260 243 201 187 187 187 187 187 306 171 230 275 217 243 180
"DM3X5g295:MERGE" 196 178 228 171 280 180 227 153 246 218 246 245 245 186 96 96 192 163 169 115
"DM3X5g296:MERGE" 363 360 270 217 353 368 401 271 328 275 328 325 326 114 202 264 217 178 217 130
"DM3X5g297:MERGE" 224 205 181 186 271 205 119 109 360 360 360 360 360 260 146 148 125 100 110 89
"DM3X5g298:MERGE" 229 213 176 147 251 213 260 177 267 234 266 267 266 54 98 136 159 139 144 90
"DM3X5g299:MERGE" 187 169 181 130 218 170 219 172 204 169 204 204 203 155 100 123 144 129 144 75
"DM3X5g300:MERGE" 209 209 274 196 336 215 189 146 276 249 275 275 242 94 120 120 223 197 223 122
"DM3X5g301:MERGE" 201 181 254 160 285 181 252 188 340 340 340 339 338 175 138 138 179 179 163 95
"DM3X5g302:MERGE" 217 193 236 160 284 195 181 121 221 221 221 221 187 114 171 172 175 156 175 97
"DM3X5g303:MERGE" 320 296 253 167 303 300 165 213 233 232 233 233 183 86 150 162 223 191 223 122
"DM3X5g304:MERGE" 206 206 388 259 450 207 290 248 252 252 252 252 251 283 166 166 296 249 296 172
"DM3X5g305:MERGE" 220 213 220 136 262 213 333 220 250 200 249 250 248 246 115 146 166 166 166 93
"DM3X5g306:MERGE" 231 206 276 214 341 207 201 158 326 326 326 326 324 237 117 117 207 207 186 123
"DM3X5g307:MERGE" 256 225 238 215 337 225 186 155 352 351 351 352 309 240 130 130 232 205 212 143
"DM3X5g308:MERGE" 260 258 318 277 420 253 233 242 306 261 306 306 305 124 169 169 231 193 231 155
"DM3X5g309:MERGE" 260 243 261 172 328 248 248 226 262 231 262 261 262 270 105 134 176 153 176 89
"DM3X5g310:MERGE" 293 274 273 205 346 276 431 323 256 207 256 256 253 342 164 206 255 229 229 156
"DM3X5g311:MERGE" 358 340 308 283 416 341 201 179 406 359 406 405 405 100 194 194 246 191 212 165
"DM3X5g312:MERGE" 160 149 189 129 237 151 132 127 191 174 191 191 190 236 86 86 158 142 158 87
"DM3X5g313:MERGE" 168 168 219 133 253 166 256 190 164 164 164 164 120 102 134 134 169 169 154 90
"DM3X5g314:MERGE" 257 237 264 194 331 242 232 182 311 279 311 310 309 194 109 109 201 183 182 113
"DM3X5g315:MERGE" 209 209 234 184 312 209 177 140 227 227 226 227 182 352 136 165 210 181 210 125
"DM3X5g316:MERGE" 243 242 258 194 308 242 193 161 176 154 176 175 176 236 104 128 184 154 184 126
"DM3X5g317:MERGE" 273 248 334 294 442 248 159 148 301 300 299 298 301 210 127 172 287 235 287 173
"DM3X5g318:MERGE" 195 182 256 181 306 184 217 171 163 136 163 162 161 240 109 147 179 166 172 121
"DM3X5g319:MERGE" 239 238 362 323 464 239 171 164 354 354 354 351 287 305 122 122 294 249 264 211
"DM3X5g320:MERGE" 193 171 341 324 481 172 219 211 398 398 397 398 354 104 159 159 285 217 285 189
"DM3X5g321:MERGE" 283 262 361 284 447 260 224 216 384 344 384 382 384 270 146 145 294 238 294 185
"DM3X5g322:MERGE" 231 230 246 232 359 227 331 275 306 306 306 304 302 108 142 171 204 165 204 130
"DM3X5g323:MERGE" 302 302 354 234 412 301 189 150 316 270 316 313 314 90 138 180 211 191 188 114
"DM3X5g324:MERGE" 249 251 291 221 348 250 218 183 259 212 258 257 228 80 155 155 223 190 197 146
"DM3X5g325:MERGE" 126 126 220 150 274 125 102 106 273 231 273 272 272 52 66 80 174 174 174 90
"DM3X5g326:MERGE" 221 220 295 219 358 217 239 150 174 174 174 173 174 208 120 121 235 210 235 143
"DM3X5g327:MERGE" 227 217 249 181 312 220 182 143 262 262 262 262 262 270 135 172 224 191 224 129
"DM3X5g328:MERGE" 177 150 232 170 263 149 210 158 152 152 152 152 151 86 95 96 177 154 177 113
"DM3X5g329:MERGE" 237 237 244 201 315 237 172 147 303 303 301 303 303 263 104 143 198 175 178 126
"DM3X5g330:MERGE" 243 244 254 191 325 247 272 170 319 319 316 319 317 194 125 160 216 192 216 131
"DM3X5g331:MERGE" 237 219 240 179 297 222 184 140 270 270 270 266 270 150 115 154 193 170 193 123
"DM3X5g332:MERGE" 186 187 182 146 263 185 132 132 310 310 310 309 272 308 101 119 178 150 178 97
"DM3X5g333:MERGE" 183 165 227 179 305 166 284 171 232 191 232 232 232 216 103 104 179 150 179 107
"DM3X5g334:MERGE" 286 260 304 177 345 201 247 182 319 266 318 319 319 124 158 210 217 217 217 117
"DM3X5g335:MERGE" 366 365 395 286 507 366 434 309 588 516 588 585 524 442 196 258 334 295 302 188
"DM3X5g336:MERGE" 281 281 243 170 271 282 204 149 236 236 236 235 211 86 128 158 169 169 169 109
"DM3X5g337:MERGE" 166 149 220 113 218 148 140 116 209 209 209 209 180 262 130 130 136 136 136 69
"DM3X5g338:MERGE" 237 236 220 150 255 240 174 141 347 307 347 344 347 102 111 144 178 178 160 99
"DM3X5g339:MERGE" 370 369 398 294 477 370 187 167 346 306 346 346 307 326 183 183 312 273 279 209
"DM3X5g340:MERGE" 374 346 300 269 419 347 322 231 291 260 291 289 290 150 158 193 277 219 251 178
"DM3X5g341:MERGE" 256 239 333 199 387 239 222 201 275 237 274 274 243 94 133 155 242 213 242 126
"DM3X5g342:MERGE" 284 284 227 191 306 284 186 149 253 253 253 253 215 94 119 150 212 186 185 136
"DM3X5g343:MERGE" 205 177 239 199 301 181 205 174 231 199 231 231 230 212 128 129 209 187 209 137
"DM3X5g344:MERGE" 288 288 330 287 427 289 271 301 280 281 281 281 280 330 169 169 278 227 253 189
"DM3X5g345:MERGE" 125 125 217 175 268 114 128 74 180 140 180 180 180 176 122 122 200 200 177 126
"DM3X5g346:MERGE" 166 165 265 183 298 110 192 152 129 107 129 129 129 95 137 137 193 166 193 112
"DM3X5g347:MERGE" 362 332 308 231 388 330 220 147 375 375 375 375 296 294 211 210 267 230 267 160
"DM3X5g348:MERGE" 119 108 118 109 159 108 148 100 147 121 147 147 147 128 86 106 114 90 114 74
"DM3X5g349:MERGE" 227 211 237 219 339 211 284 187 309 309 309 309 309 104 146 191 213 192 193 141
"DM3X5g350:MERGE" 168 168 251 199 303 169 263 197 182 144 182 181 137 86 117 117 190 161 164 124
"DM3X5g351:MERGE" 301 273 277 206 342 270 289 189 297 261 297 297 295 220 117 162 214 184 214 133
"DM3X5g352:MERGE" 186 186 277 214 349 186 249 194 278 240 278 278 234 300 126 150 222 202 194 139
"DM3X5g353:MERGE" 209 190 242 153 298 191 248 142 223 194 223 222 223 196 128 159 198 198 198 105
"DM3X5g354:MERGE" 272 253 280 227 377 254 214 238 284 284 284 284 283 242 131 132 230 183 206 148
"DM3X5g355:MERGE" 229 229 193 216 320 225 249 160 250 213 250 250 250 322 94 122 228 167 228 152
"DM3X5g356:MERGE" 312 279 281 238 389 277 267 239 376 335 376 374 376 308 185 185 212 178 212 115
"DM3X5g357:MERGE" 179 166 294 201 337 139 265 179 211 210 211 210 211 178 114 115 202 171 183 126
"DM3X5g358:MERGE" 209 194 332 228 409 194 244 228 225 253 226 253 253 247 135 174 251 210 251 141
"DM3X5g359:MERGE" 225 224 222 158 289 225 169 138 219 176 219 217 191 74 89 103 202 179 178 113
"DM3X5g360:MERGE" 221 197 188 145 239 197 139 149 275 275 275 274 275 186 121 146 140 125 140 86
"DM3X5g361:MERGE" 235 224 254 205 328 222 117 164 286 241 286 285 243 246 88 88 168 168 152 110
"DM3X5g362:MERGE" 245 245 285 186 332 248 368 258 274 274 274 274 273 322 145 179 200 200 200 103
"DM3X5g363:MERGE" 188 188 281 200 352 187 80 87 205 205 205 205 205 266 109 109 217 190 217 126
"DM3X5g364:MERGE" 279 279 294 239 385 283 222 143 242 197 242 241 204 370 164 164 241 241 215 160
"DM3X5g365:MERGE" 217 217 285 192 341 217 197 153 245 245 245 245 245 260 132 181 215 215 195 120
"DM3X5g366:MERGE" 243 243 255 210 316 243 268 153 178 178 178 178 178 328 133 134 208 177 186 138
"DM3X5g367:MERGE" 175 165 213 197 298 165 226 149 237 237 237 237 195 196 85 85 186 160 186 120
"DM3X5g368:MERGE" 308 286 268 190 310 289 181 181 338 299 338 338 338 268 143 188 202 183 202 125
"DM3X5g369:MERGE" 242 242 304 225 360 242 220 189 312 312 312 312 312 265 167 167 227 207 227 132
"DM3X5g371:MERGE" 172 172 205 175 287 174 157 123 186 163 187 186 168 74 134 172 187 156 187 118
"DM3X5g372:MERGE" 276 253 218 162 287 256 159 113 404 358 403 403 404 275 104 152 168 168 168 90
"DM3X5g373:MERGE" 134 124 212 181 265 125 117 100 191 168 191 190 191 38 143 143 137 137 137 86
"DM3X5g374:MERGE" 164 162 234 143 268 163 273 258 130 130 130 129 130 194 132 156 132 114 132 71
"DM3X5g375:MERGE" 276 276 254 200 314 278 420 271 292 240 292 292 291 386 129 160 211 186 184 142
"DM3X5g376:MERGE" 285 285 318 256 413 288 230 203 208 208 208 208 208 350 141 158 282 220 282 184
"DM3X5g377:MERGE" 256 240 300 185 339 239 154 214 291 257 291 290 245 318 129 129 238 213 205 137
"DM3X5g378:MERGE" 258 258 306 274 393 260 299 181 380 380 380 379 328 304 151 150 243 206 213 171
"DM3X5g379:MERGE" 326 307 342 268 428 306 270 335 324 324 324 323 289 126 188 189 273 237 273 162
"DM3X5g381:MERGE" 295 294 333 267 438 291 196 176 341 339 338 341 310 128 197 199 288 250 288 159
"DM3X5g382:MERGE" 360 360 410 273 408 363 371 260 356 317 355 354 356 116 201 243 248 248 224 168
"DM3X5g383:MERGE" 219 219 213 160 256 220 339 235 278 279 279 279 254 142 124 124 150 150 150 97
"DM3X5g384:MERGE" 237 237 271 197 343 238 350 273 343 296 343 343 343 364 172 172 184 160 184 99
"DM3X5g385:MERGE" 363 363 373 290 499 364 380 236 367 323 367 366 367 362 224 224 287 236 287 171
"DM3X5g386:MERGE" 208 190 228 195 329 189 236 219 282 239 282 281 256 60 118 119 216 178 216 128
"DM3X5g387:MERGE" 242 216 159 146 216 215 189 143 192 165 192 191 164 96 86 108 136 112 123 95
"DM3X5g388:MERGE" 382 384 316 249 403 387 272 270 308 308 307 308 305 334 200 251 252 210 223 154
"DM3X5g389:MERGE" 396 367 312 302 462 366 382 268 358 288 358 358 358 411 186 233 283 230 255 183
"DM3X5g390:MERGE" 202 201 199 131 239 202 217 174 259 258 259 259 259 98 75 102 160 141 160 81
"DM3X5g391:MERGE" 311 278 410 321 505 276 346 318 296 294 296 294 295 180 221 221 370 309 339 234
"DM3X5g392:MERGE" 336 336 359 230 455 339 388 268 275 274 275 275 246 129 202 213 325 262 325 182
"DM3X5g393:MERGE" 238 219 273 214 369 220 277 230 318 276 318 318 317 110 143 175 235 191 235 148
"DM3X5g394:MERGE" 347 347 442 226 441 347 238 189 361 304 360 360 308 371 176 240 285 285 252 143
"DM3X5g395:MERGE" 378 348 309 206 360 347 284 216 310 309 309 310 308 358 129 160 260 260 234 149
"DM3X5g396:MERGE" 324 325 273 175 318 326 178 145 293 293 291 292 293 264 173 219 231 198 231 137
"DM3X5g43:SRR1586329:6:123931" 290 290 290 207 350 295 195 180 206 206 206 206 206 100 139 178 220 176 220 129
"DM5.1:SRR1266111:7:124153" 171 171 145 125 188 171 136 86 192 151 192 190 173 200 88 112 110 93 96 71
"DM5.10:SRR1586330:1:124047" 158 157 158 124 196 158 125 82 200 168 201 201 175 212 79 97 127 103 127 77
"DM5.11:SRR1586330:1:124048" 198 196 162 135 212 197 147 89 208 189 207 207 176 170 66 81 130 117 130 79
"DM5.2:SRR1266111:7:124154" 188 188 153 114 194 189 138 87 211 187 211 210 193 214 81 103 110 91 110 63
"DM5.3:SRR1586327:2:123459" 96 96 105 82 132 95 84 49 137 137 137 136 118 188 75 93 82 73 71 51
"DM5.4:SRR1586327:2:123460" 137 137 114 86 141 136 74 45 120 108 121 121 108 136 64 74 94 83 83 58
"DM5.5:SRR1586328:3:123649" 94 94 76 60 100 96 65 44 132 119 132 132 132 138 58 77 74 64 60 43
"DM5.6:SRR1586328:3:123650" 74 74 76 61 100 73 40 29 80 71 80 80 65 106 40 43 56 49 64 36
"DM5.7:SRR1586329:6:123940" 178 178 175 123 209 179 113 79 247 214 247 247 220 206 90 115 160 144 160 95
"DM5.8:SRR1586329:6:123941" 203 203 149 138 209 201 171 103 272 272 272 272 238 246 103 130 95 84 105 73
"DM5.9:SRR1586329:6:123942" 164 164 124 100 174 163 111 70 210 170 210 210 210 218 94 97 114 92 126 76
