0.999994
0.999994
0.999994
0.999994
0.999994
0.999994
0.999994
0.999994
0.999994
0.999994
0.999994
0.999994
0.999994
0.999995
0.999996
0.999994
0.999995
0.999995
0.999996
0.999994
0.999994
0.999994
0.999994
0.999994
0.999994
0.999994
0.999994
0.999994
0.999994
0.999994
0.999994
0.999994
0.999994
0.999994
0.999994
0.999994
0.999994
0.999994
0.999994
0.999994
0.999994
0.999994
0.999994
0.999994
0.999994
0.999994
0.999994
0.999994
0.999994
0.999994
0.999994
0.999994
0.999994
0.999994
0.999985
0.999989
0.999989
0.999994
0.999971
0.999975
0.999989
0.999989
0.999989
0.999989
0.999989
0.999989
0.999988
0.999989
0.999989
0.999989
0.999989
0.999989
0.999994
0.999989
0.999989
0.999994
0.999989
0.999989
0.999986
0.999989
0.999989
0.999989
0.999994
0.999994
0.999994
0.999989
0.999994
0.999984
0.999989
0.999994
0.999994
0.999989
0.999994
0.999994
0.999994
0.999988
0.999994
0.999994
0.999994
0.999994
0.999989
0.999989
0.999989
0.999989
0.999994
0.999957
0.999989
0.999989
0.99997
0.999989
0.999994
0.999984
0.999994
0.999989
0.999989
0.999994
0.999994
0.999994
0.999989
0.999994
0.999994
0.999994
0.999994
0.999994
0.999994
0.999994
0.999994
0.999994
0.999994
0.999994
0.999994
0.999994
0.999994
0.999989
0.999994
0.999989
0.999994
0.999994
0.999994
0.999994
0.999994
0.999994
0.999994
0.999994
0.999994
0.999994
0.999994
0.999994
0.999994
0.999994
0.999994
0.999995
0.999995
0.999994
0.999994
0.999994
0.999994
0.999994
0.999994
0.999994
0.999994
0.999994
0.999994
0.999994
0.999994
0.999994
0.999994
0.999995
0.999994
0.999994
0.999995
0.999994
0.999994
0.999989
0.999994
0.999994
0.999994
0.999994
0.999994
0.999994
0.999994
0.999994
0.999994
0.999994
0.999989
0.999994
0.999994
0.999989
0.999989
0.999994
0.999989
0.999978
0.999988
0.999989
0.999989
0.999961
0.999983
0.999971
0.999978
0.999989
0.999961
0.99997
0.999978
0.999978
0.999989
0.999989
0.999989
0.999978
0.999989
0.999962
0.99998
0.999989
0.999983
0.999978
0.999983
0.999983
0.999988
0.999988
0.999989
0.999994
0.999994
0.999994
0.999994
0.999989
0.999994
0.999994
0.999994
0.999994
0.999994
0.999994
0.999994
0.999994
0.999994
0.999994
0.999994
0.999994
0.999994
0.999994
0.999994
0.999994
0.999994
0.999994
0.999994
0.999994
0.999994
0.999994
0.999989
0.999989
0.999994
0.999988
0.999989
0.999994
0.999994
0.999989
0.999989
0.999994
0.999994
0.999994
0.999994
0.999994
0.999994
0.999994
0.999994
0.999258
0.999994
0.999989
0.999994
0.999994
0.999994
0.999994
0.999994
0.999984
0.999994
