310 207 37 230 96 313 306 23 175 112
1360 803 117 351 364 688 856 121 258 306
863 528 21 274 257 496 813 93 173 179
855 636 161 286 423 707 1065 153 543 180
300 462 32 225 156 562 597 67 156 166
821 748 154 486 411 625 1118 108 373 551
653 498 37 312 196 710 555 79 172 239
317 280 26 168 120 283 675 27 187 154
513 420 45 314 137 536 525 44 5 168
1508 626 122 417 330 632 841 52 467 157
1250 920 155 552 465 1084 1079 117 820 405
450 240 74 262 99 382 448 17 99 78
605 314 50 142 223 439 576 53 202 126
938 466 28 298 386 480 721 82 216 243
1062 741 127 76 308 663 452 0 192 165
454 261 70 263 231 386 604 54 232 167
660 297 78 181 186 244 635 52 61 195
750 429 24 134 245 399 725 86 292 137
310 188 42 227 57 305 323 30 153 62
518 506 75 238 296 352 738 65 358 149
994 987 230 806 512 1148 1072 150 228 448
629 892 122 278 106 809 1123 56 437 350
555 527 206 368 290 647 769 144 275 311
1333 863 182 289 325 841 1426 140 476 389
565 544 108 168 243 477 1032 129 344 303
681 395 117 294 398 527 688 82 295 223
693 737 154 375 370 712 960 125 596 291
723 679 96 432 637 681 797 80 438 331
674 581 155 410 456 566 941 101 563 430
419 472 50 351 434 526 917 91 366 206
890 416 96 424 240 496 641 110 318 152
984 684 113 456 297 920 899 80 474 257
1029 764 42 331 727 699 1116 182 750 353
372 415 80 367 150 332 767 57 249 204
1307 1084 432 724 955 880 1615 174 569 509
686 359 94 324 161 571 793 100 285 199
839 784 165 408 365 953 1001 185 539 591
470 306 98 188 152 423 581 61 158 236
1119 675 178 302 470 435 841 38 147 363
182 84 20 75 53 123 314 8 64 36
446 688 127 193 270 636 632 58 389 268
602 268 70 259 120 277 486 35 65 88
1109 467 103 247 177 387 473 38 186 188
234 379 99 217 213 385 510 31 89 146
533 557 128 284 472 555 961 51 392 254
518 579 86 470 306 645 925 105 349 295
880 578 103 395 231 334 557 18 149 198
305 364 92 236 132 351 801 42 139 218
535 311 27 191 135 266 776 77 110 190
691 329 91 213 145 270 667 62 241 137
324 237 38 236 174 266 439 57 125 75
139 206 8 219 71 298 249 41 62 49
932 694 161 347 393 513 1106 123 334 338
501 310 57 273 139 299 495 41 166 163
896 1022 164 257 257 555 1274 170 362 464
777 561 111 188 253 237 666 73 340 234
531 484 92 281 225 552 778 81 296 307
436 794 213 591 475 665 845 64 334 320
523 369 73 184 204 249 425 53 218 131
529 292 18 272 204 351 463 68 106 147
443 364 47 97 138 357 555 28 206 81
649 463 144 407 409 733 723 79 514 187
788 686 27 183 355 561 1031 161 412 212
275 364 41 230 114 264 481 30 229 160
1112 1235 183 632 398 1471 1129 118 559 445
349 240 25 82 115 242 325 27 129 102
740 732 98 359 405 545 624 96 280 212
440 460 109 250 187 369 693 30 323 148
473 614 187 194 325 764 802 133 595 407
428 332 45 159 184 340 743 35 181 156
1004 747 134 452 549 663 1055 163 469 193
733 616 26 436 232 704 838 43 321 202
492 777 118 434 420 1031 1288 214 587 475
506 643 61 331 326 636 748 70 345 198
877 1400 329 686 756 1319 1587 231 1069 896
599 431 45 175 301 431 592 81 120 105
458 427 96 374 130 360 656 69 199 56
317 256 43 265 239 338 630 128 196 173
492 540 80 189 257 725 750 130 388 266
581 523 103 312 202 592 917 48 211 249
1137 670 174 394 308 645 1644 106 864 185
411 290 61 344 128 348 494 59 126 81
503 463 41 305 215 299 577 120 248 178
524 449 76 329 279 487 791 61 245 188
965 520 180 435 522 1335 1092 170 351 530
541 502 67 419 352 571 687 56 246 266
591 483 175 464 180 781 759 154 271 69
627 501 161 487 217 619 758 177 220 109
1016 592 132 303 233 663 793 99 490 163
421 280 73 155 84 223 361 10 71 140
634 431 135 254 268 448 942 73 143 147
248 637 106 161 306 384 262 49 113 230
105 285 24 87 102 212 99 35 164 204
199 306 71 86 239 226 93 53 170 201
438 729 125 152 331 451 253 78 399 294
448 697 114 284 409 885 301 151 344 528
328 689 156 192 278 576 304 102 278 276
356 616 97 171 332 702 222 69 426 254
134 514 69 205 214 439 65 54 372 223
244 526 20 161 287 501 127 57 374 217
115 283 37 130 140 270 114 44 148 160
400 535 66 116 357 564 262 173 266 377
385 602 148 138 395 475 215 74 507 248
454 843 143 187 479 667 385 229 491 340
195 737 83 164 233 550 266 82 426 250
432 632 109 401 346 602 924 55 379 244
413 521 78 301 290 628 791 64 456 251
461 355 96 260 175 364 593 42 266 173
830 503 103 306 359 738 495 42 347 247
659 411 74 199 322 580 576 20 267 272
203 737 150 181 257 598 292 142 439 320
958 462 93 123 281 404 718 88 353 228
486 402 82 292 289 687 731 32 394 196
803 576 79 233 355 306 738 61 427 226
659 494 117 337 152 558 760 31 475 155
739 620 64 280 175 811 1012 114 199 172
702 342 36 126 260 551 672 83 120 297
529 447 56 265 170 401 630 53 423 227
448 455 122 196 311 420 593 63 221 140
733 425 59 280 234 617 582 46 260 167
742 398 41 363 263 386 407 79 395 293
475 399 76 117 161 360 637 63 378 178
218 447 113 326 189 573 935 91 246 302
1101 397 36 171 330 372 698 13 295 140
582 355 6 359 249 371 230 35 306 185
476 307 34 260 89 441 432 25 259 127
870 470 66 292 502 733 487 123 388 287
491 565 122 351 528 413 809 118 135 408
744 548 62 229 173 609 758 72 363 167
148 293 84 143 214 444 112 93 304 211
596 536 30 305 321 329 837 109 400 232
677 400 80 153 214 568 765 76 532 171
485 383 18 273 332 496 539 99 296 195
452 375 73 266 204 314 482 64 117 134
450 368 64 299 167 495 711 65 284 112
592 497 101 430 245 857 799 125 584 233
591 323 75 205 225 502 694 35 208 228
286 346 49 183 149 363 645 47 241 160
127 346 25 41 95 282 95 47 167 201
435 522 84 243 400 783 728 59 273 215
667 444 44 313 393 668 638 145 377 210
798 524 40 218 239 489 662 127 419 139
470 528 12 434 475 814 739 30 293 90
680 411 57 174 276 560 719 77 414 239
519 395 58 91 194 363 550 49 280 201
551 454 66 280 374 380 572 72 440 214
583 486 64 316 183 602 604 73 12 116
202 782 17 260 459 768 321 109 552 332
587 502 83 351 295 620 719 105 309 194
655 579 69 236 310 475 846 28 509 236
637 643 130 304 347 602 995 69 486 288
710 654 50 292 277 528 817 146 408 249
866 533 89 327 466 535 731 140 310 325
824 423 54 218 327 750 615 58 202 359
492 432 70 271 315 463 594 66 400 139
216 569 88 382 386 592 966 50 284 310
349 712 52 159 268 438 198 107 122 326
844 492 84 282 280 723 720 48 337 353
749 563 132 201 350 750 986 137 453 267
646 427 75 169 253 540 634 63 309 192
530 423 53 229 362 608 612 26 521 246
737 446 60 301 198 448 825 92 232 182
796 546 70 224 289 424 575 63 351 243
718 674 147 269 347 665 968 20 402 193
794 634 52 180 303 515 931 78 286 223
255 621 127 227 418 505 235 132 196 309
640 435 42 196 459 759 733 42 404 263
621 393 70 212 354 477 723 63 366 260
652 609 117 238 332 754 841 0 302 282
659 623 89 324 306 620 584 99 515 283
799 538 115 205 310 636 888 65 500 303
398 699 61 222 247 304 704 89 492 326
381 452 16 411 310 658 628 90 403 342
806 544 142 298 269 524 762 33 627 309
362 478 114 226 265 664 549 109 501 281
243 1063 145 330 166 1212 288 84 595 518
629 592 108 297 278 602 698 56 429 269
595 614 144 248 403 585 945 47 309 407
651 561 67 195 263 672 676 78 575 238
177 511 112 147 345 352 652 52 396 161
773 449 34 145 262 402 453 21 188 152
592 439 13 223 69 519 288 37 157 1
571 357 59 189 356 607 543 98 367 0
726 402 45 94 398 418 589 48 264 274
486 499 90 197 335 436 562 62 236 206
322 759 169 162 346 705 97 19 467 311
603 638 79 320 314 647 673 97 527 261
820 558 124 314 468 551 843 110 495 181
822 822 66 276 317 626 1371 145 731 429
591 379 43 211 183 411 284 36 227 178
457 329 48 98 186 252 488 52 235 120
477 409 41 175 317 415 706 73 192 306
526 316 83 227 161 363 525 57 329 87
499 296 36 77 191 228 508 18 227 72
672 335 65 160 321 424 648 45 280 181
267 773 121 248 275 849 325 93 174 184
573 431 66 180 320 459 645 103 376 130
426 337 50 177 273 452 642 53 350 150
815 463 75 204 198 432 456 82 247 162
710 569 82 275 392 613 568 101 375 315
773 663 128 254 382 549 1032 72 413 293
364 339 42 149 257 391 884 66 312 166
909 521 96 360 467 725 672 78 649 396
1163 409 69 238 424 498 1113 60 390 256
631 558 158 240 382 688 1085 81 405 310
108 522 117 187 357 288 125 56 462 0
214 546 64 172 312 525 181 122 443 348
190 441 27 181 210 432 170 62 172 175
244 594 188 43 329 372 146 128 150 87
123 326 52 132 131 312 59 62 265 138
239 604 38 180 317 395 173 79 312 290
253 679 9 162 337 917 138 158 364 310
114 455 57 68 152 372 147 40 254 204
232 407 99 138 129 397 143 93 345 219
334 871 237 277 439 1097 345 143 156 216
205 748 20 184 307 394 203 53 157 228
294 852 212 274 508 631 449 221 344 213
275 789 75 310 397 966 308 143 359 409
495 969 232 270 436 1235 234 157 292 533
316 599 148 244 275 480 173 151 184 392
305 869 19 267 420 941 438 161 572 580
74 252 44 135 188 378 123 61 384 140
321 319 6 158 363 275 155 81 259 190
384 541 67 214 282 503 390 29 437 217
247 652 117 197 318 521 306 83 498 463
218 759 50 308 268 435 133 138 314 116
104 145 34 116 150 263 90 51 225 63
227 1084 224 211 439 485 429 200 649 404
284 758 158 377 310 765 357 135 751 341
472 818 78 183 325 510 211 129 321 357
308 897 165 234 671 898 257 161 557 552
173 420 52 173 281 335 100 57 91 212
390 898 121 272 487 961 347 55 301 413
237 1326 107 320 407 911 281 68 600 280
182 837 18 139 457 647 318 172 604 373
201 594 42 181 246 318 128 64 182 292
211 379 96 162 340 358 154 77 263 187
270 632 128 119 332 333 153 135 445 130
139 371 76 162 204 311 139 39 239 117
181 515 112 81 357 393 61 81 147 171
58 221 25 32 67 193 62 56 149 92
105 255 17 68 142 170 80 28 227 136
160 605 79 96 282 477 164 124 408 218
341 699 205 220 289 757 197 29 552 176
280 586 71 136 231 393 133 57 333 270
166 387 91 67 245 207 159 45 323 229
144 352 52 86 113 231 103 41 118 118
194 467 38 136 207 489 211 63 483 237
134 570 24 118 302 513 245 128 323 195
193 493 40 203 307 570 208 80 278 326
330 303 58 169 316 454 59 20 187 2
201 516 6 104 158 422 158 44 245 220
82 192 4 82 117 205 98 42 209 108
308 991 121 179 516 860 207 127 358 602
168 391 88 108 229 385 174 50 203 139
291 641 38 208 418 586 133 48 537 395
244 491 26 274 287 477 177 29 221 130
95 486 113 133 324 514 114 67 122 57
276 877 130 234 311 737 228 136 474 350
308 895 108 148 199 920 187 58 352 294
188 837 101 160 280 667 293 28 382 271
190 602 42 181 441 442 196 160 522 294
200 401 111 125 310 364 126 88 143 215
184 430 61 87 77 219 148 70 179 146
202 560 65 207 176 427 271 124 297 305
99 422 43 127 373 310 156 61 271 135
75 282 64 37 161 241 103 46 158 120
310 517 10 154 274 686 355 104 704 265
183 584 15 174 275 715 76 153 631 242
96 533 37 150 204 395 89 37 166 115
401 752 20 207 436 799 364 76 780 503
374 749 170 359 471 985 400 161 649 649
224 414 83 96 232 392 125 68 227 182
