653 261 59 232 119 379 307 24 178 139
1639 803 238 354 394 1027 862 121 332 377
1323 621 130 274 270 730 815 116 355 235
1334 744 174 299 451 849 1065 153 675 254
1015 553 119 229 175 571 601 68 224 215
1652 916 327 495 459 951 1122 155 515 649
992 589 108 315 214 711 556 79 239 306
694 280 72 173 132 415 675 51 226 198
1009 500 76 323 137 644 527 66 125 230
1806 755 185 431 358 772 993 102 560 157
1931 1068 229 565 517 1483 1235 186 1017 554
686 387 116 267 116 385 450 17 134 86
900 471 54 145 224 532 576 90 259 164
1147 569 119 314 387 570 790 82 419 243
1062 741 185 84 336 665 575 30 314 165
913 416 126 269 231 459 726 84 232 226
1007 376 110 193 227 522 731 73 181 195
1052 492 100 138 276 626 728 105 465 205
611 188 63 231 66 305 365 30 191 76
1121 602 102 251 298 707 743 65 358 223
2028 1183 394 818 512 1359 1073 215 541 600
1326 892 276 284 149 937 1125 119 612 437
1480 880 330 379 290 1034 882 144 423 311
1969 1026 339 300 410 1259 1431 197 643 389
1082 544 214 179 304 679 1036 130 452 378
1289 616 165 301 423 864 797 118 462 303
1417 737 215 390 402 847 1097 168 703 291
1466 794 219 443 674 1034 897 81 546 332
1189 681 217 414 536 918 943 103 565 543
1256 718 173 362 459 751 920 91 497 294
1050 626 158 431 272 737 730 142 318 209
1477 811 168 464 329 1082 1033 81 637 330
1689 926 248 342 775 1066 1281 231 958 353
1155 605 187 377 207 577 771 77 360 204
2540 1308 432 744 1008 1349 1880 262 943 664
1025 559 120 331 181 571 796 100 366 254
1414 1172 400 416 418 1165 1003 185 714 591
1090 461 156 192 171 525 637 74 240 257
1365 814 236 302 508 813 959 84 489 363
386 129 32 75 55 179 315 19 96 50
1337 688 254 203 312 752 734 86 479 268
754 417 91 263 141 447 542 35 142 127
1114 557 143 251 201 553 473 69 334 243
715 465 155 217 220 451 566 32 180 189
1184 648 181 284 511 677 966 92 550 321
1449 715 164 473 328 936 1042 105 470 353
1049 581 174 410 241 666 641 48 234 261
985 513 170 249 157 634 802 65 238 218
849 394 76 199 138 414 776 77 154 190
843 396 137 220 154 422 669 83 295 179
663 281 70 241 179 391 441 57 161 75
484 227 19 225 74 311 305 41 85 76
1365 857 332 358 428 1041 1108 182 334 473
818 391 111 276 149 410 588 41 166 163
1891 1022 196 260 353 920 1282 244 667 580
1092 647 197 188 274 516 767 73 341 234
1081 579 171 292 253 646 779 100 395 307
1430 933 224 603 505 996 845 115 422 423
781 369 94 191 213 374 506 81 220 140
784 344 43 276 212 457 465 88 154 147
839 457 73 100 159 543 651 54 373 127
1416 721 178 411 409 846 847 79 514 283
1564 806 222 189 404 887 1161 223 529 212
767 420 89 237 123 386 483 45 338 160
2138 1428 408 642 465 1477 1132 118 562 445
575 271 43 83 127 304 370 38 233 131
1578 732 243 364 432 847 679 134 435 212
889 460 159 259 205 596 694 54 356 148
1525 777 261 205 354 906 916 174 710 407
868 414 143 168 224 493 747 35 181 156
1548 898 213 466 549 1081 1191 209 597 313
1190 616 132 443 254 841 839 72 405 202
1666 777 208 438 458 1036 1290 214 716 475
1108 643 144 349 365 773 828 72 345 199
2661 1689 507 698 757 1995 1591 231 1353 898
937 525 93 181 344 578 678 104 244 154
987 427 96 383 154 560 661 69 278 56
1024 410 86 273 255 481 632 128 196 173
1013 671 127 194 257 865 881 164 474 339
1299 635 157 319 238 722 925 77 285 339
1718 976 253 402 309 992 1648 159 864 186
863 361 91 348 142 423 581 59 219 81
983 463 142 310 220 563 643 120 329 252
1128 517 98 333 313 716 792 61 351 188
2246 1030 272 441 579 1337 1092 233 697 651
1080 583 75 425 366 682 689 77 338 266
1281 696 315 475 180 939 821 154 271 69
1297 756 264 494 217 747 866 177 220 109
1234 692 215 306 234 759 944 127 686 273
659 332 89 157 94 382 406 27 189 174
1192 554 188 265 284 643 952 109 317 206
365 752 173 167 314 671 262 88 280 306
228 346 60 91 116 338 99 60 287 204
229 378 130 88 259 339 93 84 312 201
564 729 191 160 350 707 253 104 581 370
677 1049 180 291 430 890 347 212 526 617
500 831 197 195 278 889 342 126 546 278
476 886 97 184 333 811 257 117 427 254
348 744 181 213 233 652 76 99 467 223
338 651 107 168 288 620 127 57 374 218
202 337 93 132 151 419 124 44 209 205
433 650 181 120 411 687 297 208 379 377
538 884 196 144 414 736 224 74 507 348
685 954 203 195 504 977 386 229 648 455
391 876 136 171 252 836 349 82 426 250
1379 632 127 407 367 732 926 55 379 244
1397 644 89 313 363 747 857 64 573 317
989 423 173 265 221 577 595 42 423 229
1312 628 148 314 359 741 529 42 347 334
1102 482 111 205 337 697 578 49 368 272
521 737 284 190 285 872 293 186 562 379
1350 584 186 126 308 717 718 128 354 302
1175 553 121 297 306 691 735 32 395 282
1249 576 143 235 405 668 791 61 427 304
1360 603 206 345 153 803 836 73 625 155
1269 620 103 287 231 813 1012 157 462 238
1101 545 98 129 290 674 747 83 348 298
1110 522 97 279 196 618 631 54 560 290
1191 536 246 199 338 651 594 76 332 140
1074 516 87 288 288 619 616 47 382 211
1189 481 113 364 288 579 497 100 485 351
1087 493 101 120 178 555 735 66 487 178
1106 541 173 326 189 713 980 123 487 302
1103 481 74 175 356 577 730 46 408 206
1270 607 150 363 280 696 284 35 306 185
752 380 92 265 102 523 432 42 306 127
1102 567 155 303 525 734 490 123 388 374
1558 658 225 366 604 847 809 169 380 408
1142 655 160 235 205 736 760 72 506 167
248 389 98 144 214 518 113 115 356 251
1328 650 138 318 348 691 840 109 535 274
1342 596 195 154 244 713 856 76 645 270
1014 540 105 280 346 604 572 121 448 195
891 448 125 269 221 492 541 80 208 205
1001 459 73 304 186 607 791 65 377 175
962 601 144 436 275 860 851 126 711 233
1091 496 82 207 228 604 746 58 314 228
868 429 103 187 149 554 646 70 343 211
231 346 70 46 107 339 102 55 239 238
1321 637 225 245 488 885 731 100 551 215
1356 576 145 321 394 789 745 145 493 307
1211 612 57 221 240 712 710 127 615 139
1485 786 175 446 505 816 911 57 384 151
1027 496 93 177 300 660 809 97 506 239
755 395 87 91 194 562 551 49 378 201
1187 576 157 286 401 732 574 96 553 214
1173 591 74 323 209 604 644 103 177 116
466 890 110 269 478 954 321 109 704 332
1293 596 121 356 324 748 720 105 405 194
1362 714 162 241 335 745 896 57 509 304
1403 743 174 309 424 944 1129 114 633 288
1038 654 182 296 307 850 818 179 532 321
1301 772 125 332 467 800 735 140 416 399
1254 513 133 224 327 753 726 103 422 359
1021 532 133 283 333 682 595 66 504 189
1163 676 146 388 432 738 1023 69 535 387
397 824 153 167 297 638 231 107 275 326
1252 599 119 287 308 726 789 84 467 354
1163 668 177 207 402 912 986 137 569 267
1006 518 120 174 284 663 707 86 394 277
1091 606 90 233 389 752 682 49 625 317
1125 529 146 307 198 642 826 116 335 253
1207 548 159 227 320 650 578 102 437 313
1446 674 194 279 384 782 1031 53 537 193
1330 637 138 188 305 791 933 123 558 223
374 694 135 237 431 786 236 208 449 309
1214 651 151 201 489 761 791 69 517 352
1406 614 155 223 354 708 788 92 517 261
1335 609 164 243 332 754 843 33 421 282
1434 623 89 329 327 746 618 128 651 366
1256 539 139 208 310 638 892 95 612 304
1259 699 129 223 277 699 706 114 492 326
1305 697 165 416 342 792 684 126 534 342
1272 544 143 306 292 775 763 66 749 380
1252 574 140 232 300 664 549 109 615 332
481 1298 257 335 206 1387 355 84 595 519
1264 592 155 301 299 922 777 56 566 269
1335 614 208 253 432 731 980 93 533 407
1272 671 166 199 297 804 726 78 713 349
1019 512 113 153 366 744 711 80 507 161
960 449 134 149 294 480 482 22 288 192
894 439 104 235 103 607 363 37 247 84
1052 573 156 195 356 700 726 98 367 2
1098 479 146 99 398 657 622 48 482 274
1073 589 169 203 372 646 601 62 334 291
405 759 231 163 378 819 121 80 467 311
1167 765 147 328 346 771 710 140 627 261
1274 686 161 322 512 793 938 163 819 257
1798 822 187 277 337 972 1376 145 932 429
703 379 93 212 218 483 304 36 228 178
672 329 82 101 225 395 527 72 298 120
1025 502 94 179 338 643 706 73 275 306
820 381 124 231 161 429 525 72 410 143
656 353 112 80 215 454 509 36 290 72
930 442 71 160 340 500 648 46 286 239
489 773 229 251 296 851 326 136 390 261
761 515 116 185 322 679 698 103 376 132
791 431 79 179 319 534 645 53 462 151
964 463 144 208 230 501 475 82 253 162
1128 569 127 283 421 739 569 101 537 406
1184 664 171 257 411 815 1038 111 515 390
814 428 73 154 287 500 886 66 446 166
1273 646 171 362 529 878 712 78 649 396
1347 621 156 238 424 711 1117 60 505 339
1245 559 188 245 415 823 1174 105 688 376
225 632 151 200 365 617 174 56 462 116
397 667 183 180 313 751 201 122 596 348
275 542 114 188 217 528 171 95 315 266
297 723 238 44 348 550 157 128 240 185
261 404 120 133 148 387 69 62 316 177
402 723 204 186 345 534 174 79 396 371
423 788 101 168 378 919 169 158 533 356
199 519 107 68 188 471 154 40 346 252
337 631 142 141 153 502 143 93 433 266
505 1060 291 281 441 1101 347 187 359 329
413 748 104 190 318 626 217 75 368 228
640 973 217 282 543 994 450 271 708 213
561 946 317 328 453 968 308 172 587 570
588 1153 378 283 461 1432 236 157 484 669
464 781 235 253 284 754 197 151 324 475
838 1299 103 275 473 1155 439 161 780 581
286 396 111 140 188 482 142 61 474 193
377 400 115 165 379 556 178 107 260 190
530 634 102 219 282 766 393 29 437 276
471 741 280 197 327 668 336 120 622 463
312 759 91 314 269 689 139 178 314 220
202 237 78 120 165 325 117 51 268 104
657 1084 303 222 514 1019 470 235 785 404
656 1163 229 382 352 1163 359 135 966 341
541 1029 92 193 369 932 240 129 479 357
438 1102 306 241 708 1109 296 222 877 552
299 489 153 179 281 526 111 57 160 212
500 1079 308 276 523 1128 387 104 487 413
703 1326 311 338 437 1404 338 68 600 280
515 973 218 148 481 899 369 172 724 490
273 594 96 184 270 481 144 65 296 335
346 456 184 163 358 442 154 77 357 250
307 632 223 120 333 486 153 172 623 130
218 459 109 166 204 479 146 39 300 117
288 628 152 89 359 704 74 81 286 171
150 221 30 34 81 290 65 56 149 92
151 316 40 72 162 256 81 38 269 136
284 605 138 104 282 699 193 124 511 276
492 838 305 224 318 925 221 29 695 262
280 586 155 142 259 542 165 57 422 353
317 587 126 71 257 470 178 45 421 298
207 352 92 89 124 317 103 41 158 118
304 526 77 136 212 560 215 83 582 237
252 691 48 119 321 578 245 138 414 195
395 550 63 205 326 653 210 80 279 403
384 652 137 172 316 618 91 48 187 116
305 518 82 107 187 483 160 72 273 220
163 321 60 88 132 321 98 42 285 147
589 1151 278 185 574 994 233 127 358 602
236 391 90 109 236 387 174 68 318 139
353 781 142 215 418 587 151 48 537 461
461 614 93 279 288 584 196 71 303 225
258 709 153 136 324 733 138 67 122 57
486 877 199 245 329 887 229 197 784 350
549 895 202 152 220 922 189 58 497 294
522 837 170 165 296 772 293 61 502 374
381 729 130 181 451 681 196 160 522 294
303 609 192 128 311 560 136 88 235 215
281 433 64 91 84 347 148 70 254 146
353 703 101 214 203 615 272 124 432 305
216 523 73 130 378 392 156 61 366 135
178 331 114 40 173 375 103 57 249 170
572 780 188 159 296 802 356 150 845 409
261 914 138 178 277 905 83 153 631 336
226 610 112 161 245 494 95 66 279 179
655 880 170 214 436 975 366 76 964 503
644 968 231 365 518 1117 401 209 943 649
319 500 153 99 232 452 138 85 228 182
